trip_id,route_id,stop_code,time
3944658,78801,820090,17:54:20
3944658,78801,817319,17:44:22
3944658,78801,817105,17:34:16
3944658,78801,817365,17:35:00
3944658,78801,817369,17:41:21
3944658,78801,816122,17:19:16
3944658,78801,820242,17:50:03
3944658,78801,820021,17:52:47
3944658,78801,816132,17:22:23
3944658,78801,816133,17:22:47
3944658,78801,816134,17:23:19
3944658,78801,816008,17:25:19
3944658,78801,816009,17:25:47
3944658,78801,816010,17:26:26
3944658,78801,816011,17:27:13
3944658,78801,816013,17:28:32
3944658,78801,816014,17:28:51
3944658,78801,816015,17:29:22
3944658,78801,816016,17:29:51
3944658,78801,817057,17:48:02
3944658,78801,820239,17:48:33
3944658,78801,820240,17:49:03
3944658,78801,820241,17:49:31
3944658,78801,817003,17:30:40
3944658,78801,816061,17:22:01
3944658,78801,817034,17:33:16
3944658,78801,817037,17:33:40
3944658,78801,816093,17:20:08
3944658,78801,820054,17:50:41
3944658,78801,801008,17:37:15
3944658,78801,801098,17:19:00
3944658,78801,BB801273,17:58:00
3944658,78801,830032,17:46:00
3944658,78801,830044,17:56:15
3944658,78801,830051,17:40:45
3944658,78801,830091,17:31:26
3944658,78801,830093,17:39:44
3944658,78801,830133,17:38:26
3944658,78801,830211,17:43:09
3944658,78801,830249,17:53:31
3944658,78801,830252,17:52:06
3944658,78801,830284,17:23:49
3944658,78801,816003,17:21:00
3944658,78801,817036,17:35:49
3944658,78801,816012,17:27:47
3944659,78801,820090,09:54:20
3944659,78801,817319,09:44:22
3944659,78801,817105,09:34:16
3944659,78801,817365,09:35:00
3944659,78801,817369,09:41:21
3944659,78801,816122,09:19:16
3944659,78801,820242,09:50:03
3944659,78801,820021,09:52:47
3944659,78801,816132,09:22:23
3944659,78801,816133,09:22:47
3944659,78801,816134,09:23:19
3944659,78801,816008,09:25:19
3944659,78801,816009,09:25:47
3944659,78801,816010,09:26:26
3944659,78801,816011,09:27:13
3944659,78801,816013,09:28:32
3944659,78801,816014,09:28:51
3944659,78801,816015,09:29:22
3944659,78801,816016,09:29:51
3944659,78801,817057,09:48:02
3944659,78801,820239,09:48:33
3944659,78801,820240,09:49:03
3944659,78801,820241,09:49:31
3944659,78801,817003,09:30:40
3944659,78801,816061,09:22:01
3944659,78801,817034,09:33:16
3944659,78801,817037,09:33:40
3944659,78801,816093,09:20:08
3944659,78801,820054,09:50:41
3944659,78801,801008,09:37:15
3944659,78801,801098,09:19:00
3944659,78801,BB801273,09:58:00
3944659,78801,830032,09:46:00
3944659,78801,830044,09:56:15
3944659,78801,830051,09:40:45
3944659,78801,830091,09:31:26
3944659,78801,830093,09:39:44
3944659,78801,830133,09:38:26
3944659,78801,830211,09:43:09
3944659,78801,830249,09:53:31
3944659,78801,830252,09:52:06
3944659,78801,830284,09:23:49
3944659,78801,816003,09:21:00
3944659,78801,817036,09:35:49
3944659,78801,816012,09:27:47
3944660,78801,820090,15:54:20
3944660,78801,817319,15:44:22
3944660,78801,817105,15:34:16
3944660,78801,817365,15:35:00
3944660,78801,817369,15:41:21
3944660,78801,816122,15:19:16
3944660,78801,820242,15:50:03
3944660,78801,820021,15:52:47
3944660,78801,816132,15:22:23
3944660,78801,816133,15:22:47
3944660,78801,816134,15:23:19
3944660,78801,816008,15:25:19
3944660,78801,816009,15:25:47
3944660,78801,816010,15:26:26
3944660,78801,816011,15:27:13
3944660,78801,816013,15:28:32
3944660,78801,816014,15:28:51
3944660,78801,816015,15:29:22
3944660,78801,816016,15:29:51
3944660,78801,817057,15:48:02
3944660,78801,820239,15:48:33
3944660,78801,820240,15:49:03
3944660,78801,820241,15:49:31
3944660,78801,817003,15:30:40
3944660,78801,816061,15:22:01
3944660,78801,817034,15:33:16
3944660,78801,817037,15:33:40
3944660,78801,816093,15:20:08
3944660,78801,820054,15:50:41
3944660,78801,801008,15:37:15
3944660,78801,801098,15:19:00
3944660,78801,BB801273,15:58:00
3944660,78801,830032,15:46:00
3944660,78801,830044,15:56:15
3944660,78801,830051,15:40:45
3944660,78801,830091,15:31:26
3944660,78801,830093,15:39:44
3944660,78801,830133,15:38:26
3944660,78801,830211,15:43:09
3944660,78801,830249,15:53:31
3944660,78801,830252,15:52:06
3944660,78801,830284,15:23:49
3944660,78801,816003,15:21:00
3944660,78801,817036,15:35:49
3944660,78801,816012,15:27:47
3944661,78801,820090,13:54:20
3944661,78801,817319,13:44:22
3944661,78801,817105,13:34:16
3944661,78801,817365,13:35:00
3944661,78801,817369,13:41:21
3944661,78801,816122,13:19:16
3944661,78801,820242,13:50:03
3944661,78801,820021,13:52:47
3944661,78801,816132,13:22:23
3944661,78801,816133,13:22:47
3944661,78801,816134,13:23:19
3944661,78801,816008,13:25:19
3944661,78801,816009,13:25:47
3944661,78801,816010,13:26:26
3944661,78801,816011,13:27:13
3944661,78801,816013,13:28:32
3944661,78801,816014,13:28:51
3944661,78801,816015,13:29:22
3944661,78801,816016,13:29:51
3944661,78801,817057,13:48:02
3944661,78801,820239,13:48:33
3944661,78801,820240,13:49:03
3944661,78801,820241,13:49:31
3944661,78801,817003,13:30:40
3944661,78801,816061,13:22:01
3944661,78801,817034,13:33:16
3944661,78801,817037,13:33:40
3944661,78801,816093,13:20:08
3944661,78801,820054,13:50:41
3944661,78801,801008,13:37:15
3944661,78801,801098,13:19:00
3944661,78801,BB801273,13:58:00
3944661,78801,830032,13:46:00
3944661,78801,830044,13:56:15
3944661,78801,830051,13:40:45
3944661,78801,830091,13:31:26
3944661,78801,830093,13:39:44
3944661,78801,830133,13:38:26
3944661,78801,830211,13:43:09
3944661,78801,830249,13:53:31
3944661,78801,830252,13:52:06
3944661,78801,830284,13:23:49
3944661,78801,816003,13:21:00
3944661,78801,817036,13:35:49
3944661,78801,816012,13:27:47
3944662,78801,820090,11:54:20
3944662,78801,817319,11:44:22
3944662,78801,817105,11:34:16
3944662,78801,817365,11:35:00
3944662,78801,817369,11:41:21
3944662,78801,816122,11:19:16
3944662,78801,820242,11:50:03
3944662,78801,820021,11:52:47
3944662,78801,816132,11:22:23
3944662,78801,816133,11:22:47
3944662,78801,816134,11:23:19
3944662,78801,816008,11:25:19
3944662,78801,816009,11:25:47
3944662,78801,816010,11:26:26
3944662,78801,816011,11:27:13
3944662,78801,816013,11:28:32
3944662,78801,816014,11:28:51
3944662,78801,816015,11:29:22
3944662,78801,816016,11:29:51
3944662,78801,817057,11:48:02
3944662,78801,820239,11:48:33
3944662,78801,820240,11:49:03
3944662,78801,820241,11:49:31
3944662,78801,817003,11:30:40
3944662,78801,816061,11:22:01
3944662,78801,817034,11:33:16
3944662,78801,817037,11:33:40
3944662,78801,816093,11:20:08
3944662,78801,820054,11:50:41
3944662,78801,801008,11:37:15
3944662,78801,801098,11:19:00
3944662,78801,BB801273,11:58:00
3944662,78801,830032,11:46:00
3944662,78801,830044,11:56:15
3944662,78801,830051,11:40:45
3944662,78801,830091,11:31:26
3944662,78801,830093,11:39:44
3944662,78801,830133,11:38:26
3944662,78801,830211,11:43:09
3944662,78801,830249,11:53:31
3944662,78801,830252,11:52:06
3944662,78801,830284,11:23:49
3944662,78801,816003,11:21:00
3944662,78801,817036,11:35:49
3944662,78801,816012,11:27:47
3944663,78801,820090,10:54:20
3944663,78801,817319,10:44:22
3944663,78801,817105,10:34:16
3944663,78801,817365,10:35:00
3944663,78801,817369,10:41:21
3944663,78801,816122,10:19:16
3944663,78801,820242,10:50:03
3944663,78801,820021,10:52:47
3944663,78801,816132,10:22:23
3944663,78801,816133,10:22:47
3944663,78801,816134,10:23:19
3944663,78801,816008,10:25:19
3944663,78801,816009,10:25:47
3944663,78801,816010,10:26:26
3944663,78801,816011,10:27:13
3944663,78801,816013,10:28:32
3944663,78801,816014,10:28:51
3944663,78801,816015,10:29:22
3944663,78801,816016,10:29:51
3944663,78801,817057,10:48:02
3944663,78801,820239,10:48:33
3944663,78801,820240,10:49:03
3944663,78801,820241,10:49:31
3944663,78801,817003,10:30:40
3944663,78801,816061,10:22:01
3944663,78801,817034,10:33:16
3944663,78801,817037,10:33:40
3944663,78801,816093,10:20:08
3944663,78801,820054,10:50:41
3944663,78801,801008,10:37:15
3944663,78801,801098,10:19:00
3944663,78801,BB801273,10:58:00
3944663,78801,830032,10:46:00
3944663,78801,830044,10:56:15
3944663,78801,830051,10:40:45
3944663,78801,830091,10:31:26
3944663,78801,830093,10:39:44
3944663,78801,830133,10:38:26
3944663,78801,830211,10:43:09
3944663,78801,830249,10:53:31
3944663,78801,830252,10:52:06
3944663,78801,830284,10:23:49
3944663,78801,816003,10:21:00
3944663,78801,817036,10:35:49
3944663,78801,816012,10:27:47
3944664,78801,820090,14:54:20
3944664,78801,817319,14:44:22
3944664,78801,817105,14:34:16
3944664,78801,817365,14:35:00
3944664,78801,817369,14:41:21
3944664,78801,816122,14:19:16
3944664,78801,820242,14:50:03
3944664,78801,820021,14:52:47
3944664,78801,816132,14:22:23
3944664,78801,816133,14:22:47
3944664,78801,816134,14:23:19
3944664,78801,816008,14:25:19
3944664,78801,816009,14:25:47
3944664,78801,816010,14:26:26
3944664,78801,816011,14:27:13
3944664,78801,816013,14:28:32
3944664,78801,816014,14:28:51
3944664,78801,816015,14:29:22
3944664,78801,816016,14:29:51
3944664,78801,817057,14:48:02
3944664,78801,820239,14:48:33
3944664,78801,820240,14:49:03
3944664,78801,820241,14:49:31
3944664,78801,817003,14:30:40
3944664,78801,816061,14:22:01
3944664,78801,817034,14:33:16
3944664,78801,817037,14:33:40
3944664,78801,816093,14:20:08
3944664,78801,820054,14:50:41
3944664,78801,801008,14:37:15
3944664,78801,801098,14:19:00
3944664,78801,BB801273,14:58:00
3944664,78801,830032,14:46:00
3944664,78801,830044,14:56:15
3944664,78801,830051,14:40:45
3944664,78801,830091,14:31:26
3944664,78801,830093,14:39:44
3944664,78801,830133,14:38:26
3944664,78801,830211,14:43:09
3944664,78801,830249,14:53:31
3944664,78801,830252,14:52:06
3944664,78801,830284,14:23:49
3944664,78801,816003,14:21:00
3944664,78801,817036,14:35:49
3944664,78801,816012,14:27:47
3944665,78801,820090,12:54:20
3944665,78801,817319,12:44:22
3944665,78801,817105,12:34:16
3944665,78801,817365,12:35:00
3944665,78801,817369,12:41:21
3944665,78801,816122,12:19:16
3944665,78801,820242,12:50:03
3944665,78801,820021,12:52:47
3944665,78801,816132,12:22:23
3944665,78801,816133,12:22:47
3944665,78801,816134,12:23:19
3944665,78801,816008,12:25:19
3944665,78801,816009,12:25:47
3944665,78801,816010,12:26:26
3944665,78801,816011,12:27:13
3944665,78801,816013,12:28:32
3944665,78801,816014,12:28:51
3944665,78801,816015,12:29:22
3944665,78801,816016,12:29:51
3944665,78801,817057,12:48:02
3944665,78801,820239,12:48:33
3944665,78801,820240,12:49:03
3944665,78801,820241,12:49:31
3944665,78801,817003,12:30:40
3944665,78801,816061,12:22:01
3944665,78801,817034,12:33:16
3944665,78801,817037,12:33:40
3944665,78801,816093,12:20:08
3944665,78801,820054,12:50:41
3944665,78801,801008,12:37:15
3944665,78801,801098,12:19:00
3944665,78801,BB801273,12:58:00
3944665,78801,830032,12:46:00
3944665,78801,830044,12:56:15
3944665,78801,830051,12:40:45
3944665,78801,830091,12:31:26
3944665,78801,830093,12:39:44
3944665,78801,830133,12:38:26
3944665,78801,830211,12:43:09
3944665,78801,830249,12:53:31
3944665,78801,830252,12:52:06
3944665,78801,830284,12:23:49
3944665,78801,816003,12:21:00
3944665,78801,817036,12:35:49
3944665,78801,816012,12:27:47
3944666,78801,820090,18:54:20
3944666,78801,817319,18:44:22
3944666,78801,817105,18:34:16
3944666,78801,817365,18:35:00
3944666,78801,817369,18:41:21
3944666,78801,816122,18:19:16
3944666,78801,820242,18:50:03
3944666,78801,820021,18:52:47
3944666,78801,816132,18:22:23
3944666,78801,816133,18:22:47
3944666,78801,816134,18:23:19
3944666,78801,816008,18:25:19
3944666,78801,816009,18:25:47
3944666,78801,816010,18:26:26
3944666,78801,816011,18:27:13
3944666,78801,816013,18:28:32
3944666,78801,816014,18:28:51
3944666,78801,816015,18:29:22
3944666,78801,816016,18:29:51
3944666,78801,817057,18:48:02
3944666,78801,820239,18:48:33
3944666,78801,820240,18:49:03
3944666,78801,820241,18:49:31
3944666,78801,817003,18:30:40
3944666,78801,816061,18:22:01
3944666,78801,817034,18:33:16
3944666,78801,817037,18:33:40
3944666,78801,816093,18:20:08
3944666,78801,820054,18:50:41
3944666,78801,801008,18:37:15
3944666,78801,801098,18:19:00
3944666,78801,BB801273,18:58:00
3944666,78801,830032,18:46:00
3944666,78801,830044,18:56:15
3944666,78801,830051,18:40:45
3944666,78801,830091,18:31:26
3944666,78801,830093,18:39:44
3944666,78801,830133,18:38:26
3944666,78801,830211,18:43:09
3944666,78801,830249,18:53:31
3944666,78801,830252,18:52:06
3944666,78801,830284,18:23:49
3944666,78801,816003,18:21:00
3944666,78801,817036,18:35:49
3944666,78801,816012,18:27:47
3944667,78801,820090,16:54:20
3944667,78801,817319,16:44:22
3944667,78801,817105,16:34:16
3944667,78801,817365,16:35:00
3944667,78801,817369,16:41:21
3944667,78801,816122,16:19:16
3944667,78801,820242,16:50:03
3944667,78801,820021,16:52:47
3944667,78801,816132,16:22:23
3944667,78801,816133,16:22:47
3944667,78801,816134,16:23:19
3944667,78801,816008,16:25:19
3944667,78801,816009,16:25:47
3944667,78801,816010,16:26:26
3944667,78801,816011,16:27:13
3944667,78801,816013,16:28:32
3944667,78801,816014,16:28:51
3944667,78801,816015,16:29:22
3944667,78801,816016,16:29:51
3944667,78801,817057,16:48:02
3944667,78801,820239,16:48:33
3944667,78801,820240,16:49:03
3944667,78801,820241,16:49:31
3944667,78801,817003,16:30:40
3944667,78801,816061,16:22:01
3944667,78801,817034,16:33:16
3944667,78801,817037,16:33:40
3944667,78801,816093,16:20:08
3944667,78801,820054,16:50:41
3944667,78801,801008,16:37:15
3944667,78801,801098,16:19:00
3944667,78801,BB801273,16:58:00
3944667,78801,830032,16:46:00
3944667,78801,830044,16:56:15
3944667,78801,830051,16:40:45
3944667,78801,830091,16:31:26
3944667,78801,830093,16:39:44
3944667,78801,830133,16:38:26
3944667,78801,830211,16:43:09
3944667,78801,830249,16:53:31
3944667,78801,830252,16:52:06
3944667,78801,830284,16:23:49
3944667,78801,816003,16:21:00
3944667,78801,817036,16:35:49
3944667,78801,816012,16:27:47
3944668,78801,820090,08:54:20
3944668,78801,817319,08:44:22
3944668,78801,817105,08:34:16
3944668,78801,817365,08:35:00
3944668,78801,817369,08:41:21
3944668,78801,816122,08:19:16
3944668,78801,820242,08:50:03
3944668,78801,820021,08:52:47
3944668,78801,816132,08:22:23
3944668,78801,816133,08:22:47
3944668,78801,816134,08:23:19
3944668,78801,816008,08:25:19
3944668,78801,816009,08:25:47
3944668,78801,816010,08:26:26
3944668,78801,816011,08:27:13
3944668,78801,816013,08:28:32
3944668,78801,816014,08:28:51
3944668,78801,816015,08:29:22
3944668,78801,816016,08:29:51
3944668,78801,817057,08:48:02
3944668,78801,820239,08:48:33
3944668,78801,820240,08:49:03
3944668,78801,820241,08:49:31
3944668,78801,817003,08:30:40
3944668,78801,816061,08:22:01
3944668,78801,817034,08:33:16
3944668,78801,817037,08:33:40
3944668,78801,816093,08:20:08
3944668,78801,820054,08:50:41
3944668,78801,801008,08:37:15
3944668,78801,801098,08:19:00
3944668,78801,BB801273,08:58:00
3944668,78801,830032,08:46:00
3944668,78801,830044,08:56:15
3944668,78801,830051,08:40:45
3944668,78801,830091,08:31:26
3944668,78801,830093,08:39:44
3944668,78801,830133,08:38:26
3944668,78801,830211,08:43:09
3944668,78801,830249,08:53:31
3944668,78801,830252,08:52:06
3944668,78801,830284,08:23:49
3944668,78801,816003,08:21:00
3944668,78801,817036,08:35:49
3944668,78801,816012,08:27:47
3944669,78801,816119,16:41:00
3944669,78801,817128,16:22:48
3944669,78801,820080,16:02:44
3944669,78801,820081,16:03:57
3944669,78801,816111,16:33:56
3944669,78801,816112,16:34:48
3944669,78801,817307,16:14:43
3944669,78801,817031,16:27:04
3944669,78801,816019,16:28:00
3944669,78801,816020,16:28:40
3944669,78801,816022,16:29:32
3944669,78801,816025,16:31:19
3944669,78801,816027,16:32:28
3944669,78801,816028,16:33:02
3944669,78801,816029,16:33:26
3944669,78801,816128,16:36:11
3944669,78801,816129,16:36:45
3944669,78801,816130,16:37:15
3944669,78801,816131,16:37:52
3944669,78801,820249,16:07:07
3944669,78801,820250,16:07:32
3944669,78801,817086,16:21:02
3944669,78801,820251,16:08:01
3944669,78801,820252,16:08:30
3944669,78801,820253,16:08:47
3944669,78801,817058,16:09:20
3944669,78801,817129,16:23:26
3944669,78801,817015,16:22:00
3944669,78801,816038,16:39:00
3944669,78801,816078,16:40:02
3944669,78801,801007,16:19:35
3944669,78801,BB801273,16:01:00
3944669,78801,830092,16:26:01
3944669,78801,830094,16:18:09
3944669,78801,830116,16:11:00
3944669,78801,830127,16:17:25
3944669,78801,830131,16:24:14
3944669,78801,830214,16:12:31
3944669,78801,830216,16:13:55
3944669,78801,830218,16:16:46
3944669,78801,830245,16:05:04
3944669,78801,830246,16:05:38
3944669,78801,830248,16:06:10
3944669,78801,817308,16:15:37
3944669,78801,817085,16:20:24
3944669,78801,816024,16:30:32
3944669,78801,820017,16:06:35
3944670,78801,816119,08:40:00
3944670,78801,817128,08:22:45
3944670,78801,820080,08:02:44
3944670,78801,820081,08:03:57
3944670,78801,816111,08:33:15
3944670,78801,816112,08:34:04
3944670,78801,817307,08:14:43
3944670,78801,817031,08:26:47
3944670,78801,816019,08:27:40
3944670,78801,816020,08:28:18
3944670,78801,816022,08:29:06
3944670,78801,816025,08:30:46
3944670,78801,816027,08:31:51
3944670,78801,816028,08:32:23
3944670,78801,816029,08:32:46
3944670,78801,816128,08:35:22
3944670,78801,816129,08:35:54
3944670,78801,816130,08:36:22
3944670,78801,816131,08:36:57
3944670,78801,820249,08:07:07
3944670,78801,820250,08:07:32
3944670,78801,817086,08:21:02
3944670,78801,820251,08:08:01
3944670,78801,820252,08:08:30
3944670,78801,820253,08:08:47
3944670,78801,817058,08:09:20
3944670,78801,817129,08:23:21
3944670,78801,817015,08:22:00
3944670,78801,816038,08:38:00
3944670,78801,816078,08:39:02
3944670,78801,801007,08:19:35
3944670,78801,BB801273,08:01:00
3944670,78801,830092,08:25:47
3944670,78801,830094,08:18:09
3944670,78801,830116,08:11:00
3944670,78801,830127,08:17:25
3944670,78801,830131,08:24:06
3944670,78801,830214,08:12:31
3944670,78801,830216,08:13:55
3944670,78801,830218,08:16:46
3944670,78801,830245,08:05:04
3944670,78801,830246,08:05:38
3944670,78801,830248,08:06:10
3944670,78801,817308,08:15:37
3944670,78801,817085,08:20:24
3944670,78801,816024,08:30:02
3944670,78801,820017,08:06:35
3944671,78801,816119,14:40:00
3944671,78801,817128,14:22:45
3944671,78801,820080,14:02:44
3944671,78801,820081,14:03:57
3944671,78801,816111,14:33:15
3944671,78801,816112,14:34:04
3944671,78801,817307,14:14:43
3944671,78801,817031,14:26:47
3944671,78801,816019,14:27:40
3944671,78801,816020,14:28:18
3944671,78801,816022,14:29:06
3944671,78801,816025,14:30:46
3944671,78801,816027,14:31:51
3944671,78801,816028,14:32:23
3944671,78801,816029,14:32:46
3944671,78801,816128,14:35:22
3944671,78801,816129,14:35:54
3944671,78801,816130,14:36:22
3944671,78801,816131,14:36:57
3944671,78801,820249,14:07:07
3944671,78801,820250,14:07:32
3944671,78801,817086,14:21:02
3944671,78801,820251,14:08:01
3944671,78801,820252,14:08:30
3944671,78801,820253,14:08:47
3944671,78801,817058,14:09:20
3944671,78801,817129,14:23:21
3944671,78801,817015,14:22:00
3944671,78801,816038,14:38:00
3944671,78801,816078,14:39:02
3944671,78801,801007,14:19:35
3944671,78801,BB801273,14:01:00
3944671,78801,830092,14:25:47
3944671,78801,830094,14:18:09
3944671,78801,830116,14:11:00
3944671,78801,830127,14:17:25
3944671,78801,830131,14:24:06
3944671,78801,830214,14:12:31
3944671,78801,830216,14:13:55
3944671,78801,830218,14:16:46
3944671,78801,830245,14:05:04
3944671,78801,830246,14:05:38
3944671,78801,830248,14:06:10
3944671,78801,817308,14:15:37
3944671,78801,817085,14:20:24
3944671,78801,816024,14:30:02
3944671,78801,820017,14:06:35
3944672,78801,816119,12:40:00
3944672,78801,817128,12:22:45
3944672,78801,820080,12:02:44
3944672,78801,820081,12:03:57
3944672,78801,816111,12:33:15
3944672,78801,816112,12:34:04
3944672,78801,817307,12:14:43
3944672,78801,817031,12:26:47
3944672,78801,816019,12:27:40
3944672,78801,816020,12:28:18
3944672,78801,816022,12:29:06
3944672,78801,816025,12:30:46
3944672,78801,816027,12:31:51
3944672,78801,816028,12:32:23
3944672,78801,816029,12:32:46
3944672,78801,816128,12:35:22
3944672,78801,816129,12:35:54
3944672,78801,816130,12:36:22
3944672,78801,816131,12:36:57
3944672,78801,820249,12:07:07
3944672,78801,820250,12:07:32
3944672,78801,817086,12:21:02
3944672,78801,820251,12:08:01
3944672,78801,820252,12:08:30
3944672,78801,820253,12:08:47
3944672,78801,817058,12:09:20
3944672,78801,817129,12:23:21
3944672,78801,817015,12:22:00
3944672,78801,816038,12:38:00
3944672,78801,816078,12:39:02
3944672,78801,801007,12:19:35
3944672,78801,BB801273,12:01:00
3944672,78801,830092,12:25:47
3944672,78801,830094,12:18:09
3944672,78801,830116,12:11:00
3944672,78801,830127,12:17:25
3944672,78801,830131,12:24:06
3944672,78801,830214,12:12:31
3944672,78801,830216,12:13:55
3944672,78801,830218,12:16:46
3944672,78801,830245,12:05:04
3944672,78801,830246,12:05:38
3944672,78801,830248,12:06:10
3944672,78801,817308,12:15:37
3944672,78801,817085,12:20:24
3944672,78801,816024,12:30:02
3944672,78801,820017,12:06:35
3944673,78801,816119,18:41:00
3944673,78801,817128,18:22:48
3944673,78801,820080,18:02:44
3944673,78801,820081,18:03:57
3944673,78801,816111,18:33:56
3944673,78801,816112,18:34:48
3944673,78801,817307,18:14:43
3944673,78801,817031,18:27:04
3944673,78801,816019,18:28:00
3944673,78801,816020,18:28:40
3944673,78801,816022,18:29:32
3944673,78801,816025,18:31:19
3944673,78801,816027,18:32:28
3944673,78801,816028,18:33:02
3944673,78801,816029,18:33:26
3944673,78801,816128,18:36:11
3944673,78801,816129,18:36:45
3944673,78801,816130,18:37:15
3944673,78801,816131,18:37:52
3944673,78801,820249,18:07:07
3944673,78801,820250,18:07:32
3944673,78801,817086,18:21:02
3944673,78801,820251,18:08:01
3944673,78801,820252,18:08:30
3944673,78801,820253,18:08:47
3944673,78801,817058,18:09:20
3944673,78801,817129,18:23:26
3944673,78801,817015,18:22:00
3944673,78801,816038,18:39:00
3944673,78801,816078,18:40:02
3944673,78801,801007,18:19:35
3944673,78801,BB801273,18:01:00
3944673,78801,830092,18:26:01
3944673,78801,830094,18:18:09
3944673,78801,830116,18:11:00
3944673,78801,830127,18:17:25
3944673,78801,830131,18:24:14
3944673,78801,830214,18:12:31
3944673,78801,830216,18:13:55
3944673,78801,830218,18:16:46
3944673,78801,830245,18:05:04
3944673,78801,830246,18:05:38
3944673,78801,830248,18:06:10
3944673,78801,817308,18:15:37
3944673,78801,817085,18:20:24
3944673,78801,816024,18:30:32
3944673,78801,820017,18:06:35
3944674,78801,816119,10:40:00
3944674,78801,817128,10:22:45
3944674,78801,820080,10:02:44
3944674,78801,820081,10:03:57
3944674,78801,816111,10:33:15
3944674,78801,816112,10:34:04
3944674,78801,817307,10:14:43
3944674,78801,817031,10:26:47
3944674,78801,816019,10:27:40
3944674,78801,816020,10:28:18
3944674,78801,816022,10:29:06
3944674,78801,816025,10:30:46
3944674,78801,816027,10:31:51
3944674,78801,816028,10:32:23
3944674,78801,816029,10:32:46
3944674,78801,816128,10:35:22
3944674,78801,816129,10:35:54
3944674,78801,816130,10:36:22
3944674,78801,816131,10:36:57
3944674,78801,820249,10:07:07
3944674,78801,820250,10:07:32
3944674,78801,817086,10:21:02
3944674,78801,820251,10:08:01
3944674,78801,820252,10:08:30
3944674,78801,820253,10:08:47
3944674,78801,817058,10:09:20
3944674,78801,817129,10:23:21
3944674,78801,817015,10:22:00
3944674,78801,816038,10:38:00
3944674,78801,816078,10:39:02
3944674,78801,801007,10:19:35
3944674,78801,BB801273,10:01:00
3944674,78801,830092,10:25:47
3944674,78801,830094,10:18:09
3944674,78801,830116,10:11:00
3944674,78801,830127,10:17:25
3944674,78801,830131,10:24:06
3944674,78801,830214,10:12:31
3944674,78801,830216,10:13:55
3944674,78801,830218,10:16:46
3944674,78801,830245,10:05:04
3944674,78801,830246,10:05:38
3944674,78801,830248,10:06:10
3944674,78801,817308,10:15:37
3944674,78801,817085,10:20:24
3944674,78801,816024,10:30:02
3944674,78801,820017,10:06:35
3944675,78801,816119,09:40:00
3944675,78801,817128,09:22:45
3944675,78801,820080,09:02:44
3944675,78801,820081,09:03:57
3944675,78801,816111,09:33:15
3944675,78801,816112,09:34:04
3944675,78801,817307,09:14:43
3944675,78801,817031,09:26:47
3944675,78801,816019,09:27:40
3944675,78801,816020,09:28:18
3944675,78801,816022,09:29:06
3944675,78801,816025,09:30:46
3944675,78801,816027,09:31:51
3944675,78801,816028,09:32:23
3944675,78801,816029,09:32:46
3944675,78801,816128,09:35:22
3944675,78801,816129,09:35:54
3944675,78801,816130,09:36:22
3944675,78801,816131,09:36:57
3944675,78801,820249,09:07:07
3944675,78801,820250,09:07:32
3944675,78801,817086,09:21:02
3944675,78801,820251,09:08:01
3944675,78801,820252,09:08:30
3944675,78801,820253,09:08:47
3944675,78801,817058,09:09:20
3944675,78801,817129,09:23:21
3944675,78801,817015,09:22:00
3944675,78801,816038,09:38:00
3944675,78801,816078,09:39:02
3944675,78801,801007,09:19:35
3944675,78801,BB801273,09:01:00
3944675,78801,830092,09:25:47
3944675,78801,830094,09:18:09
3944675,78801,830116,09:11:00
3944675,78801,830127,09:17:25
3944675,78801,830131,09:24:06
3944675,78801,830214,09:12:31
3944675,78801,830216,09:13:55
3944675,78801,830218,09:16:46
3944675,78801,830245,09:05:04
3944675,78801,830246,09:05:38
3944675,78801,830248,09:06:10
3944675,78801,817308,09:15:37
3944675,78801,817085,09:20:24
3944675,78801,816024,09:30:02
3944675,78801,820017,09:06:35
3944676,78801,816119,13:40:00
3944676,78801,817128,13:22:45
3944676,78801,820080,13:02:44
3944676,78801,820081,13:03:57
3944676,78801,816111,13:33:15
3944676,78801,816112,13:34:04
3944676,78801,817307,13:14:43
3944676,78801,817031,13:26:47
3944676,78801,816019,13:27:40
3944676,78801,816020,13:28:18
3944676,78801,816022,13:29:06
3944676,78801,816025,13:30:46
3944676,78801,816027,13:31:51
3944676,78801,816028,13:32:23
3944676,78801,816029,13:32:46
3944676,78801,816128,13:35:22
3944676,78801,816129,13:35:54
3944676,78801,816130,13:36:22
3944676,78801,816131,13:36:57
3944676,78801,820249,13:07:07
3944676,78801,820250,13:07:32
3944676,78801,817086,13:21:02
3944676,78801,820251,13:08:01
3944676,78801,820252,13:08:30
3944676,78801,820253,13:08:47
3944676,78801,817058,13:09:20
3944676,78801,817129,13:23:21
3944676,78801,817015,13:22:00
3944676,78801,816038,13:38:00
3944676,78801,816078,13:39:02
3944676,78801,801007,13:19:35
3944676,78801,BB801273,13:01:00
3944676,78801,830092,13:25:47
3944676,78801,830094,13:18:09
3944676,78801,830116,13:11:00
3944676,78801,830127,13:17:25
3944676,78801,830131,13:24:06
3944676,78801,830214,13:12:31
3944676,78801,830216,13:13:55
3944676,78801,830218,13:16:46
3944676,78801,830245,13:05:04
3944676,78801,830246,13:05:38
3944676,78801,830248,13:06:10
3944676,78801,817308,13:15:37
3944676,78801,817085,13:20:24
3944676,78801,816024,13:30:02
3944676,78801,820017,13:06:35
3944677,78801,816119,11:40:00
3944677,78801,817128,11:22:45
3944677,78801,820080,11:02:44
3944677,78801,820081,11:03:57
3944677,78801,816111,11:33:15
3944677,78801,816112,11:34:04
3944677,78801,817307,11:14:43
3944677,78801,817031,11:26:47
3944677,78801,816019,11:27:40
3944677,78801,816020,11:28:18
3944677,78801,816022,11:29:06
3944677,78801,816025,11:30:46
3944677,78801,816027,11:31:51
3944677,78801,816028,11:32:23
3944677,78801,816029,11:32:46
3944677,78801,816128,11:35:22
3944677,78801,816129,11:35:54
3944677,78801,816130,11:36:22
3944677,78801,816131,11:36:57
3944677,78801,820249,11:07:07
3944677,78801,820250,11:07:32
3944677,78801,817086,11:21:02
3944677,78801,820251,11:08:01
3944677,78801,820252,11:08:30
3944677,78801,820253,11:08:47
3944677,78801,817058,11:09:20
3944677,78801,817129,11:23:21
3944677,78801,817015,11:22:00
3944677,78801,816038,11:38:00
3944677,78801,816078,11:39:02
3944677,78801,801007,11:19:35
3944677,78801,BB801273,11:01:00
3944677,78801,830092,11:25:47
3944677,78801,830094,11:18:09
3944677,78801,830116,11:11:00
3944677,78801,830127,11:17:25
3944677,78801,830131,11:24:06
3944677,78801,830214,11:12:31
3944677,78801,830216,11:13:55
3944677,78801,830218,11:16:46
3944677,78801,830245,11:05:04
3944677,78801,830246,11:05:38
3944677,78801,830248,11:06:10
3944677,78801,817308,11:15:37
3944677,78801,817085,11:20:24
3944677,78801,816024,11:30:02
3944677,78801,820017,11:06:35
3944678,78801,816119,17:41:00
3944678,78801,817128,17:22:48
3944678,78801,820080,17:02:44
3944678,78801,820081,17:03:57
3944678,78801,816111,17:33:56
3944678,78801,816112,17:34:48
3944678,78801,817307,17:14:43
3944678,78801,817031,17:27:04
3944678,78801,816019,17:28:00
3944678,78801,816020,17:28:40
3944678,78801,816022,17:29:32
3944678,78801,816025,17:31:19
3944678,78801,816027,17:32:28
3944678,78801,816028,17:33:02
3944678,78801,816029,17:33:26
3944678,78801,816128,17:36:11
3944678,78801,816129,17:36:45
3944678,78801,816130,17:37:15
3944678,78801,816131,17:37:52
3944678,78801,820249,17:07:07
3944678,78801,820250,17:07:32
3944678,78801,817086,17:21:02
3944678,78801,820251,17:08:01
3944678,78801,820252,17:08:30
3944678,78801,820253,17:08:47
3944678,78801,817058,17:09:20
3944678,78801,817129,17:23:26
3944678,78801,817015,17:22:00
3944678,78801,816038,17:39:00
3944678,78801,816078,17:40:02
3944678,78801,801007,17:19:35
3944678,78801,BB801273,17:01:00
3944678,78801,830092,17:26:01
3944678,78801,830094,17:18:09
3944678,78801,830116,17:11:00
3944678,78801,830127,17:17:25
3944678,78801,830131,17:24:14
3944678,78801,830214,17:12:31
3944678,78801,830216,17:13:55
3944678,78801,830218,17:16:46
3944678,78801,830245,17:05:04
3944678,78801,830246,17:05:38
3944678,78801,830248,17:06:10
3944678,78801,817308,17:15:37
3944678,78801,817085,17:20:24
3944678,78801,816024,17:30:32
3944678,78801,820017,17:06:35
3944679,78801,816119,15:41:00
3944679,78801,817128,15:22:48
3944679,78801,820080,15:02:44
3944679,78801,820081,15:03:57
3944679,78801,816111,15:33:56
3944679,78801,816112,15:34:48
3944679,78801,817307,15:14:43
3944679,78801,817031,15:27:04
3944679,78801,816019,15:28:00
3944679,78801,816020,15:28:40
3944679,78801,816022,15:29:32
3944679,78801,816025,15:31:19
3944679,78801,816027,15:32:28
3944679,78801,816028,15:33:02
3944679,78801,816029,15:33:26
3944679,78801,816128,15:36:11
3944679,78801,816129,15:36:45
3944679,78801,816130,15:37:15
3944679,78801,816131,15:37:52
3944679,78801,820249,15:07:07
3944679,78801,820250,15:07:32
3944679,78801,817086,15:21:02
3944679,78801,820251,15:08:01
3944679,78801,820252,15:08:30
3944679,78801,820253,15:08:47
3944679,78801,817058,15:09:20
3944679,78801,817129,15:23:26
3944679,78801,817015,15:22:00
3944679,78801,816038,15:39:00
3944679,78801,816078,15:40:02
3944679,78801,801007,15:19:35
3944679,78801,BB801273,15:01:00
3944679,78801,830092,15:26:01
3944679,78801,830094,15:18:09
3944679,78801,830116,15:11:00
3944679,78801,830127,15:17:25
3944679,78801,830131,15:24:14
3944679,78801,830214,15:12:31
3944679,78801,830216,15:13:55
3944679,78801,830218,15:16:46
3944679,78801,830245,15:05:04
3944679,78801,830246,15:05:38
3944679,78801,830248,15:06:10
3944679,78801,817308,15:15:37
3944679,78801,817085,15:20:24
3944679,78801,816024,15:30:32
3944679,78801,820017,15:06:35
3944680,78801,816119,07:40:00
3944680,78801,817128,07:22:45
3944680,78801,820080,07:02:44
3944680,78801,820081,07:03:57
3944680,78801,816111,07:33:15
3944680,78801,816112,07:34:04
3944680,78801,817307,07:14:43
3944680,78801,817031,07:26:47
3944680,78801,816019,07:27:40
3944680,78801,816020,07:28:18
3944680,78801,816022,07:29:06
3944680,78801,816025,07:30:46
3944680,78801,816027,07:31:51
3944680,78801,816028,07:32:23
3944680,78801,816029,07:32:46
3944680,78801,816128,07:35:22
3944680,78801,816129,07:35:54
3944680,78801,816130,07:36:22
3944680,78801,816131,07:36:57
3944680,78801,820249,07:07:07
3944680,78801,820250,07:07:32
3944680,78801,817086,07:21:02
3944680,78801,820251,07:08:01
3944680,78801,820252,07:08:30
3944680,78801,820253,07:08:47
3944680,78801,817058,07:09:20
3944680,78801,817129,07:23:21
3944680,78801,817015,07:22:00
3944680,78801,816038,07:38:00
3944680,78801,816078,07:39:02
3944680,78801,801007,07:19:35
3944680,78801,BB801273,07:01:00
3944680,78801,830092,07:25:47
3944680,78801,830094,07:18:09
3944680,78801,830116,07:11:00
3944680,78801,830127,07:17:25
3944680,78801,830131,07:24:06
3944680,78801,830214,07:12:31
3944680,78801,830216,07:13:55
3944680,78801,830218,07:16:46
3944680,78801,830245,07:05:04
3944680,78801,830246,07:05:38
3944680,78801,830248,07:06:10
3944680,78801,817308,07:15:37
3944680,78801,817085,07:20:24
3944680,78801,816024,07:30:02
3944680,78801,820017,07:06:35
