trip_id,route_id,stop_code,time
3957943,80589,820090,10:53:19
3957943,80589,817319,10:43:22
3957943,80589,817105,10:33:16
3957943,80589,817365,10:34:00
3957943,80589,817369,10:40:21
3957943,80589,NA816047,10:23:42
3957943,80589,816122,10:18:21
3957943,80589,820242,10:49:02
3957943,80589,820021,10:51:46
3957943,80589,816132,10:21:23
3957943,80589,816133,10:21:47
3957943,80589,816134,10:22:19
3957943,80589,816008,10:24:19
3957943,80589,816009,10:24:47
3957943,80589,816010,10:25:26
3957943,80589,816011,10:26:13
3957943,80589,816013,10:27:32
3957943,80589,816014,10:27:51
3957943,80589,816015,10:28:22
3957943,80589,816016,10:28:51
3957943,80589,817057,10:47:01
3957943,80589,820239,10:47:32
3957943,80589,820240,10:48:02
3957943,80589,820241,10:48:30
3957943,80589,817003,10:29:40
3957943,80589,816061,10:21:01
3957943,80589,817034,10:32:16
3957943,80589,817037,10:32:40
3957943,80589,816093,10:19:11
3957943,80589,820054,10:49:40
3957943,80589,801008,10:36:15
3957943,80589,801098,10:18:00
3957943,80589,BB801273,10:57:00
3957943,80589,830032,10:45:00
3957943,80589,830044,10:55:13
3957943,80589,830051,10:39:45
3957943,80589,830091,10:30:26
3957943,80589,830093,10:38:44
3957943,80589,830133,10:37:26
3957943,80589,830211,10:42:09
3957943,80589,830249,10:52:30
3957943,80589,830252,10:51:05
3957943,80589,830284,10:22:49
3957943,80589,816003,10:20:00
3957943,80589,817036,10:34:49
3957943,80589,816012,10:26:47
3957944,80589,820090,14:53:19
3957944,80589,817319,14:43:22
3957944,80589,817105,14:33:16
3957944,80589,817365,14:34:00
3957944,80589,817369,14:40:21
3957944,80589,NA816047,14:23:42
3957944,80589,816122,14:18:21
3957944,80589,820242,14:49:02
3957944,80589,820021,14:51:46
3957944,80589,816132,14:21:23
3957944,80589,816133,14:21:47
3957944,80589,816134,14:22:19
3957944,80589,816008,14:24:19
3957944,80589,816009,14:24:47
3957944,80589,816010,14:25:26
3957944,80589,816011,14:26:13
3957944,80589,816013,14:27:32
3957944,80589,816014,14:27:51
3957944,80589,816015,14:28:22
3957944,80589,816016,14:28:51
3957944,80589,817057,14:47:01
3957944,80589,820239,14:47:32
3957944,80589,820240,14:48:02
3957944,80589,820241,14:48:30
3957944,80589,817003,14:29:40
3957944,80589,816061,14:21:01
3957944,80589,817034,14:32:16
3957944,80589,817037,14:32:40
3957944,80589,816093,14:19:11
3957944,80589,820054,14:49:40
3957944,80589,801008,14:36:15
3957944,80589,801098,14:18:00
3957944,80589,BB801273,14:57:00
3957944,80589,830032,14:45:00
3957944,80589,830044,14:55:13
3957944,80589,830051,14:39:45
3957944,80589,830091,14:30:26
3957944,80589,830093,14:38:44
3957944,80589,830133,14:37:26
3957944,80589,830211,14:42:09
3957944,80589,830249,14:52:30
3957944,80589,830252,14:51:05
3957944,80589,830284,14:22:49
3957944,80589,816003,14:20:00
3957944,80589,817036,14:34:49
3957944,80589,816012,14:26:47
3957945,80589,820090,12:53:19
3957945,80589,817319,12:43:22
3957945,80589,817105,12:33:16
3957945,80589,817365,12:34:00
3957945,80589,817369,12:40:21
3957945,80589,NA816047,12:23:42
3957945,80589,816122,12:18:21
3957945,80589,820242,12:49:02
3957945,80589,820021,12:51:46
3957945,80589,816132,12:21:23
3957945,80589,816133,12:21:47
3957945,80589,816134,12:22:19
3957945,80589,816008,12:24:19
3957945,80589,816009,12:24:47
3957945,80589,816010,12:25:26
3957945,80589,816011,12:26:13
3957945,80589,816013,12:27:32
3957945,80589,816014,12:27:51
3957945,80589,816015,12:28:22
3957945,80589,816016,12:28:51
3957945,80589,817057,12:47:01
3957945,80589,820239,12:47:32
3957945,80589,820240,12:48:02
3957945,80589,820241,12:48:30
3957945,80589,817003,12:29:40
3957945,80589,816061,12:21:01
3957945,80589,817034,12:32:16
3957945,80589,817037,12:32:40
3957945,80589,816093,12:19:11
3957945,80589,820054,12:49:40
3957945,80589,801008,12:36:15
3957945,80589,801098,12:18:00
3957945,80589,BB801273,12:57:00
3957945,80589,830032,12:45:00
3957945,80589,830044,12:55:13
3957945,80589,830051,12:39:45
3957945,80589,830091,12:30:26
3957945,80589,830093,12:38:44
3957945,80589,830133,12:37:26
3957945,80589,830211,12:42:09
3957945,80589,830249,12:52:30
3957945,80589,830252,12:51:05
3957945,80589,830284,12:22:49
3957945,80589,816003,12:20:00
3957945,80589,817036,12:34:49
3957945,80589,816012,12:26:47
3957946,80589,820090,18:53:19
3957946,80589,817319,18:43:22
3957946,80589,817105,18:33:16
3957946,80589,817365,18:34:00
3957946,80589,817369,18:40:21
3957946,80589,NA816047,18:23:42
3957946,80589,816122,18:18:21
3957946,80589,820242,18:49:02
3957946,80589,820021,18:51:46
3957946,80589,816132,18:21:23
3957946,80589,816133,18:21:47
3957946,80589,816134,18:22:19
3957946,80589,816008,18:24:19
3957946,80589,816009,18:24:47
3957946,80589,816010,18:25:26
3957946,80589,816011,18:26:13
3957946,80589,816013,18:27:32
3957946,80589,816014,18:27:51
3957946,80589,816015,18:28:22
3957946,80589,816016,18:28:51
3957946,80589,817057,18:47:01
3957946,80589,820239,18:47:32
3957946,80589,820240,18:48:02
3957946,80589,820241,18:48:30
3957946,80589,817003,18:29:40
3957946,80589,816061,18:21:01
3957946,80589,817034,18:32:16
3957946,80589,817037,18:32:40
3957946,80589,816093,18:19:11
3957946,80589,820054,18:49:40
3957946,80589,801008,18:36:15
3957946,80589,801098,18:18:00
3957946,80589,BB801273,18:57:00
3957946,80589,830032,18:45:00
3957946,80589,830044,18:55:13
3957946,80589,830051,18:39:45
3957946,80589,830091,18:30:26
3957946,80589,830093,18:38:44
3957946,80589,830133,18:37:26
3957946,80589,830211,18:42:09
3957946,80589,830249,18:52:30
3957946,80589,830252,18:51:05
3957946,80589,830284,18:22:49
3957946,80589,816003,18:20:00
3957946,80589,817036,18:34:49
3957946,80589,816012,18:26:47
3957947,80589,820090,16:53:19
3957947,80589,817319,16:43:22
3957947,80589,817105,16:33:16
3957947,80589,817365,16:34:00
3957947,80589,817369,16:40:21
3957947,80589,NA816047,16:23:42
3957947,80589,816122,16:18:21
3957947,80589,820242,16:49:02
3957947,80589,820021,16:51:46
3957947,80589,816132,16:21:23
3957947,80589,816133,16:21:47
3957947,80589,816134,16:22:19
3957947,80589,816008,16:24:19
3957947,80589,816009,16:24:47
3957947,80589,816010,16:25:26
3957947,80589,816011,16:26:13
3957947,80589,816013,16:27:32
3957947,80589,816014,16:27:51
3957947,80589,816015,16:28:22
3957947,80589,816016,16:28:51
3957947,80589,817057,16:47:01
3957947,80589,820239,16:47:32
3957947,80589,820240,16:48:02
3957947,80589,820241,16:48:30
3957947,80589,817003,16:29:40
3957947,80589,816061,16:21:01
3957947,80589,817034,16:32:16
3957947,80589,817037,16:32:40
3957947,80589,816093,16:19:11
3957947,80589,820054,16:49:40
3957947,80589,801008,16:36:15
3957947,80589,801098,16:18:00
3957947,80589,BB801273,16:57:00
3957947,80589,830032,16:45:00
3957947,80589,830044,16:55:13
3957947,80589,830051,16:39:45
3957947,80589,830091,16:30:26
3957947,80589,830093,16:38:44
3957947,80589,830133,16:37:26
3957947,80589,830211,16:42:09
3957947,80589,830249,16:52:30
3957947,80589,830252,16:51:05
3957947,80589,830284,16:22:49
3957947,80589,816003,16:20:00
3957947,80589,817036,16:34:49
3957947,80589,816012,16:26:47
3957948,80589,820090,08:53:19
3957948,80589,817319,08:43:22
3957948,80589,817105,08:33:16
3957948,80589,817365,08:34:00
3957948,80589,817369,08:40:21
3957948,80589,NA816047,08:23:42
3957948,80589,816122,08:18:21
3957948,80589,820242,08:49:02
3957948,80589,820021,08:51:46
3957948,80589,816132,08:21:23
3957948,80589,816133,08:21:47
3957948,80589,816134,08:22:19
3957948,80589,816008,08:24:19
3957948,80589,816009,08:24:47
3957948,80589,816010,08:25:26
3957948,80589,816011,08:26:13
3957948,80589,816013,08:27:32
3957948,80589,816014,08:27:51
3957948,80589,816015,08:28:22
3957948,80589,816016,08:28:51
3957948,80589,817057,08:47:01
3957948,80589,820239,08:47:32
3957948,80589,820240,08:48:02
3957948,80589,820241,08:48:30
3957948,80589,817003,08:29:40
3957948,80589,816061,08:21:01
3957948,80589,817034,08:32:16
3957948,80589,817037,08:32:40
3957948,80589,816093,08:19:11
3957948,80589,820054,08:49:40
3957948,80589,801008,08:36:15
3957948,80589,801098,08:18:00
3957948,80589,BB801273,08:57:00
3957948,80589,830032,08:45:00
3957948,80589,830044,08:55:13
3957948,80589,830051,08:39:45
3957948,80589,830091,08:30:26
3957948,80589,830093,08:38:44
3957948,80589,830133,08:37:26
3957948,80589,830211,08:42:09
3957948,80589,830249,08:52:30
3957948,80589,830252,08:51:05
3957948,80589,830284,08:22:49
3957948,80589,816003,08:20:00
3957948,80589,817036,08:34:49
3957948,80589,816012,08:26:47
3957949,80589,820090,17:53:19
3957949,80589,817319,17:43:22
3957949,80589,817105,17:33:16
3957949,80589,817365,17:34:00
3957949,80589,817369,17:40:21
3957949,80589,NA816047,17:23:42
3957949,80589,816122,17:18:21
3957949,80589,820242,17:49:02
3957949,80589,820021,17:51:46
3957949,80589,816132,17:21:23
3957949,80589,816133,17:21:47
3957949,80589,816134,17:22:19
3957949,80589,816008,17:24:19
3957949,80589,816009,17:24:47
3957949,80589,816010,17:25:26
3957949,80589,816011,17:26:13
3957949,80589,816013,17:27:32
3957949,80589,816014,17:27:51
3957949,80589,816015,17:28:22
3957949,80589,816016,17:28:51
3957949,80589,817057,17:47:01
3957949,80589,820239,17:47:32
3957949,80589,820240,17:48:02
3957949,80589,820241,17:48:30
3957949,80589,817003,17:29:40
3957949,80589,816061,17:21:01
3957949,80589,817034,17:32:16
3957949,80589,817037,17:32:40
3957949,80589,816093,17:19:11
3957949,80589,820054,17:49:40
3957949,80589,801008,17:36:15
3957949,80589,801098,17:18:00
3957949,80589,BB801273,17:57:00
3957949,80589,830032,17:45:00
3957949,80589,830044,17:55:13
3957949,80589,830051,17:39:45
3957949,80589,830091,17:30:26
3957949,80589,830093,17:38:44
3957949,80589,830133,17:37:26
3957949,80589,830211,17:42:09
3957949,80589,830249,17:52:30
3957949,80589,830252,17:51:05
3957949,80589,830284,17:22:49
3957949,80589,816003,17:20:00
3957949,80589,817036,17:34:49
3957949,80589,816012,17:26:47
3957950,80589,820090,09:53:19
3957950,80589,817319,09:43:22
3957950,80589,817105,09:33:16
3957950,80589,817365,09:34:00
3957950,80589,817369,09:40:21
3957950,80589,NA816047,09:23:42
3957950,80589,816122,09:18:21
3957950,80589,820242,09:49:02
3957950,80589,820021,09:51:46
3957950,80589,816132,09:21:23
3957950,80589,816133,09:21:47
3957950,80589,816134,09:22:19
3957950,80589,816008,09:24:19
3957950,80589,816009,09:24:47
3957950,80589,816010,09:25:26
3957950,80589,816011,09:26:13
3957950,80589,816013,09:27:32
3957950,80589,816014,09:27:51
3957950,80589,816015,09:28:22
3957950,80589,816016,09:28:51
3957950,80589,817057,09:47:01
3957950,80589,820239,09:47:32
3957950,80589,820240,09:48:02
3957950,80589,820241,09:48:30
3957950,80589,817003,09:29:40
3957950,80589,816061,09:21:01
3957950,80589,817034,09:32:16
3957950,80589,817037,09:32:40
3957950,80589,816093,09:19:11
3957950,80589,820054,09:49:40
3957950,80589,801008,09:36:15
3957950,80589,801098,09:18:00
3957950,80589,BB801273,09:57:00
3957950,80589,830032,09:45:00
3957950,80589,830044,09:55:13
3957950,80589,830051,09:39:45
3957950,80589,830091,09:30:26
3957950,80589,830093,09:38:44
3957950,80589,830133,09:37:26
3957950,80589,830211,09:42:09
3957950,80589,830249,09:52:30
3957950,80589,830252,09:51:05
3957950,80589,830284,09:22:49
3957950,80589,816003,09:20:00
3957950,80589,817036,09:34:49
3957950,80589,816012,09:26:47
3957951,80589,820090,15:53:19
3957951,80589,817319,15:43:22
3957951,80589,817105,15:33:16
3957951,80589,817365,15:34:00
3957951,80589,817369,15:40:21
3957951,80589,NA816047,15:23:42
3957951,80589,816122,15:18:21
3957951,80589,820242,15:49:02
3957951,80589,820021,15:51:46
3957951,80589,816132,15:21:23
3957951,80589,816133,15:21:47
3957951,80589,816134,15:22:19
3957951,80589,816008,15:24:19
3957951,80589,816009,15:24:47
3957951,80589,816010,15:25:26
3957951,80589,816011,15:26:13
3957951,80589,816013,15:27:32
3957951,80589,816014,15:27:51
3957951,80589,816015,15:28:22
3957951,80589,816016,15:28:51
3957951,80589,817057,15:47:01
3957951,80589,820239,15:47:32
3957951,80589,820240,15:48:02
3957951,80589,820241,15:48:30
3957951,80589,817003,15:29:40
3957951,80589,816061,15:21:01
3957951,80589,817034,15:32:16
3957951,80589,817037,15:32:40
3957951,80589,816093,15:19:11
3957951,80589,820054,15:49:40
3957951,80589,801008,15:36:15
3957951,80589,801098,15:18:00
3957951,80589,BB801273,15:57:00
3957951,80589,830032,15:45:00
3957951,80589,830044,15:55:13
3957951,80589,830051,15:39:45
3957951,80589,830091,15:30:26
3957951,80589,830093,15:38:44
3957951,80589,830133,15:37:26
3957951,80589,830211,15:42:09
3957951,80589,830249,15:52:30
3957951,80589,830252,15:51:05
3957951,80589,830284,15:22:49
3957951,80589,816003,15:20:00
3957951,80589,817036,15:34:49
3957951,80589,816012,15:26:47
3957952,80589,820090,13:53:19
3957952,80589,817319,13:43:22
3957952,80589,817105,13:33:16
3957952,80589,817365,13:34:00
3957952,80589,817369,13:40:21
3957952,80589,NA816047,13:23:42
3957952,80589,816122,13:18:21
3957952,80589,820242,13:49:02
3957952,80589,820021,13:51:46
3957952,80589,816132,13:21:23
3957952,80589,816133,13:21:47
3957952,80589,816134,13:22:19
3957952,80589,816008,13:24:19
3957952,80589,816009,13:24:47
3957952,80589,816010,13:25:26
3957952,80589,816011,13:26:13
3957952,80589,816013,13:27:32
3957952,80589,816014,13:27:51
3957952,80589,816015,13:28:22
3957952,80589,816016,13:28:51
3957952,80589,817057,13:47:01
3957952,80589,820239,13:47:32
3957952,80589,820240,13:48:02
3957952,80589,820241,13:48:30
3957952,80589,817003,13:29:40
3957952,80589,816061,13:21:01
3957952,80589,817034,13:32:16
3957952,80589,817037,13:32:40
3957952,80589,816093,13:19:11
3957952,80589,820054,13:49:40
3957952,80589,801008,13:36:15
3957952,80589,801098,13:18:00
3957952,80589,BB801273,13:57:00
3957952,80589,830032,13:45:00
3957952,80589,830044,13:55:13
3957952,80589,830051,13:39:45
3957952,80589,830091,13:30:26
3957952,80589,830093,13:38:44
3957952,80589,830133,13:37:26
3957952,80589,830211,13:42:09
3957952,80589,830249,13:52:30
3957952,80589,830252,13:51:05
3957952,80589,830284,13:22:49
3957952,80589,816003,13:20:00
3957952,80589,817036,13:34:49
3957952,80589,816012,13:26:47
3957953,80589,820090,11:53:19
3957953,80589,817319,11:43:22
3957953,80589,817105,11:33:16
3957953,80589,817365,11:34:00
3957953,80589,817369,11:40:21
3957953,80589,NA816047,11:23:42
3957953,80589,816122,11:18:21
3957953,80589,820242,11:49:02
3957953,80589,820021,11:51:46
3957953,80589,816132,11:21:23
3957953,80589,816133,11:21:47
3957953,80589,816134,11:22:19
3957953,80589,816008,11:24:19
3957953,80589,816009,11:24:47
3957953,80589,816010,11:25:26
3957953,80589,816011,11:26:13
3957953,80589,816013,11:27:32
3957953,80589,816014,11:27:51
3957953,80589,816015,11:28:22
3957953,80589,816016,11:28:51
3957953,80589,817057,11:47:01
3957953,80589,820239,11:47:32
3957953,80589,820240,11:48:02
3957953,80589,820241,11:48:30
3957953,80589,817003,11:29:40
3957953,80589,816061,11:21:01
3957953,80589,817034,11:32:16
3957953,80589,817037,11:32:40
3957953,80589,816093,11:19:11
3957953,80589,820054,11:49:40
3957953,80589,801008,11:36:15
3957953,80589,801098,11:18:00
3957953,80589,BB801273,11:57:00
3957953,80589,830032,11:45:00
3957953,80589,830044,11:55:13
3957953,80589,830051,11:39:45
3957953,80589,830091,11:30:26
3957953,80589,830093,11:38:44
3957953,80589,830133,11:37:26
3957953,80589,830211,11:42:09
3957953,80589,830249,11:52:30
3957953,80589,830252,11:51:05
3957953,80589,830284,11:22:49
3957953,80589,816003,11:20:00
3957953,80589,817036,11:34:49
3957953,80589,816012,11:26:47
3957954,80589,816119,09:43:00
3957954,80589,817128,09:25:45
3957954,80589,820080,09:06:45
3957954,80589,820081,09:07:58
3957954,80589,816111,09:36:15
3957954,80589,816112,09:37:04
3957954,80589,817307,09:18:23
3957954,80589,817031,09:29:47
3957954,80589,816019,09:30:40
3957954,80589,816020,09:31:18
3957954,80589,816022,09:32:06
3957954,80589,816025,09:33:46
3957954,80589,816027,09:34:51
3957954,80589,816028,09:35:23
3957954,80589,816029,09:35:46
3957954,80589,816128,09:38:22
3957954,80589,816129,09:38:54
3957954,80589,816130,09:39:22
3957954,80589,816131,09:39:57
3957954,80589,820249,09:11:07
3957954,80589,820250,09:11:32
3957954,80589,817086,09:24:09
3957954,80589,820251,09:12:01
3957954,80589,820252,09:12:30
3957954,80589,820253,09:12:47
3957954,80589,817058,09:13:20
3957954,80589,817129,09:26:21
3957954,80589,817015,09:25:00
3957954,80589,816038,09:41:00
3957954,80589,816078,09:41:59
3957954,80589,801007,09:22:49
3957954,80589,BB801273,09:05:00
3957954,80589,830092,09:28:47
3957954,80589,830094,09:21:31
3957954,80589,830116,09:15:00
3957954,80589,830127,09:20:51
3957954,80589,830131,09:27:06
3957954,80589,830214,09:16:23
3957954,80589,830216,09:17:39
3957954,80589,830218,09:20:15
3957954,80589,830245,09:09:05
3957954,80589,830246,09:09:39
3957954,80589,830248,09:10:11
3957954,80589,817308,09:19:12
3957954,80589,817085,09:23:34
3957954,80589,816024,09:33:02
3957954,80589,820017,09:10:36
3957955,80589,816119,13:43:00
3957955,80589,817128,13:25:45
3957955,80589,820080,13:06:45
3957955,80589,820081,13:07:58
3957955,80589,816111,13:36:15
3957955,80589,816112,13:37:04
3957955,80589,817307,13:18:23
3957955,80589,817031,13:29:47
3957955,80589,816019,13:30:40
3957955,80589,816020,13:31:18
3957955,80589,816022,13:32:06
3957955,80589,816025,13:33:46
3957955,80589,816027,13:34:51
3957955,80589,816028,13:35:23
3957955,80589,816029,13:35:46
3957955,80589,816128,13:38:22
3957955,80589,816129,13:38:54
3957955,80589,816130,13:39:22
3957955,80589,816131,13:39:57
3957955,80589,820249,13:11:07
3957955,80589,820250,13:11:32
3957955,80589,817086,13:24:09
3957955,80589,820251,13:12:01
3957955,80589,820252,13:12:30
3957955,80589,820253,13:12:47
3957955,80589,817058,13:13:20
3957955,80589,817129,13:26:21
3957955,80589,817015,13:25:00
3957955,80589,816038,13:41:00
3957955,80589,816078,13:41:59
3957955,80589,801007,13:22:49
3957955,80589,BB801273,13:05:00
3957955,80589,830092,13:28:47
3957955,80589,830094,13:21:31
3957955,80589,830116,13:15:00
3957955,80589,830127,13:20:51
3957955,80589,830131,13:27:06
3957955,80589,830214,13:16:23
3957955,80589,830216,13:17:39
3957955,80589,830218,13:20:15
3957955,80589,830245,13:09:05
3957955,80589,830246,13:09:39
3957955,80589,830248,13:10:11
3957955,80589,817308,13:19:12
3957955,80589,817085,13:23:34
3957955,80589,816024,13:33:02
3957955,80589,820017,13:10:36
3957956,80589,816119,11:43:00
3957956,80589,817128,11:25:45
3957956,80589,820080,11:06:45
3957956,80589,820081,11:07:58
3957956,80589,816111,11:36:15
3957956,80589,816112,11:37:04
3957956,80589,817307,11:18:23
3957956,80589,817031,11:29:47
3957956,80589,816019,11:30:40
3957956,80589,816020,11:31:18
3957956,80589,816022,11:32:06
3957956,80589,816025,11:33:46
3957956,80589,816027,11:34:51
3957956,80589,816028,11:35:23
3957956,80589,816029,11:35:46
3957956,80589,816128,11:38:22
3957956,80589,816129,11:38:54
3957956,80589,816130,11:39:22
3957956,80589,816131,11:39:57
3957956,80589,820249,11:11:07
3957956,80589,820250,11:11:32
3957956,80589,817086,11:24:09
3957956,80589,820251,11:12:01
3957956,80589,820252,11:12:30
3957956,80589,820253,11:12:47
3957956,80589,817058,11:13:20
3957956,80589,817129,11:26:21
3957956,80589,817015,11:25:00
3957956,80589,816038,11:41:00
3957956,80589,816078,11:41:59
3957956,80589,801007,11:22:49
3957956,80589,BB801273,11:05:00
3957956,80589,830092,11:28:47
3957956,80589,830094,11:21:31
3957956,80589,830116,11:15:00
3957956,80589,830127,11:20:51
3957956,80589,830131,11:27:06
3957956,80589,830214,11:16:23
3957956,80589,830216,11:17:39
3957956,80589,830218,11:20:15
3957956,80589,830245,11:09:05
3957956,80589,830246,11:09:39
3957956,80589,830248,11:10:11
3957956,80589,817308,11:19:12
3957956,80589,817085,11:23:34
3957956,80589,816024,11:33:02
3957956,80589,820017,11:10:36
3957957,80589,816119,17:44:00
3957957,80589,817128,17:25:48
3957957,80589,820080,17:05:45
3957957,80589,820081,17:06:58
3957957,80589,816111,17:36:56
3957957,80589,816112,17:37:48
3957957,80589,817307,17:17:43
3957957,80589,817031,17:30:04
3957957,80589,816019,17:31:00
3957957,80589,816020,17:31:40
3957957,80589,816022,17:32:32
3957957,80589,816025,17:34:19
3957957,80589,816027,17:35:28
3957957,80589,816028,17:36:02
3957957,80589,816029,17:36:26
3957957,80589,816128,17:39:11
3957957,80589,816129,17:39:45
3957957,80589,816130,17:40:15
3957957,80589,816131,17:40:52
3957957,80589,820249,17:10:07
3957957,80589,820250,17:10:32
3957957,80589,817086,17:24:02
3957957,80589,820251,17:11:01
3957957,80589,820252,17:11:30
3957957,80589,820253,17:11:47
3957957,80589,817058,17:12:20
3957957,80589,817129,17:26:26
3957957,80589,817015,17:25:00
3957957,80589,816038,17:42:00
3957957,80589,816078,17:42:59
3957957,80589,801007,17:22:35
3957957,80589,BB801273,17:04:00
3957957,80589,830092,17:29:01
3957957,80589,830094,17:21:09
3957957,80589,830116,17:14:00
3957957,80589,830127,17:20:25
3957957,80589,830131,17:27:14
3957957,80589,830214,17:15:31
3957957,80589,830216,17:16:55
3957957,80589,830218,17:19:46
3957957,80589,830245,17:08:05
3957957,80589,830246,17:08:39
3957957,80589,830248,17:09:11
3957957,80589,817308,17:18:37
3957957,80589,817085,17:23:24
3957957,80589,816024,17:33:32
3957957,80589,820017,17:09:36
3957958,80589,816119,15:44:00
3957958,80589,817128,15:25:48
3957958,80589,820080,15:05:45
3957958,80589,820081,15:06:58
3957958,80589,816111,15:36:56
3957958,80589,816112,15:37:48
3957958,80589,817307,15:17:43
3957958,80589,817031,15:30:04
3957958,80589,816019,15:31:00
3957958,80589,816020,15:31:40
3957958,80589,816022,15:32:32
3957958,80589,816025,15:34:19
3957958,80589,816027,15:35:28
3957958,80589,816028,15:36:02
3957958,80589,816029,15:36:26
3957958,80589,816128,15:39:11
3957958,80589,816129,15:39:45
3957958,80589,816130,15:40:15
3957958,80589,816131,15:40:52
3957958,80589,820249,15:10:07
3957958,80589,820250,15:10:32
3957958,80589,817086,15:24:02
3957958,80589,820251,15:11:01
3957958,80589,820252,15:11:30
3957958,80589,820253,15:11:47
3957958,80589,817058,15:12:20
3957958,80589,817129,15:26:26
3957958,80589,817015,15:25:00
3957958,80589,816038,15:42:00
3957958,80589,816078,15:42:59
3957958,80589,801007,15:22:35
3957958,80589,BB801273,15:04:00
3957958,80589,830092,15:29:01
3957958,80589,830094,15:21:09
3957958,80589,830116,15:14:00
3957958,80589,830127,15:20:25
3957958,80589,830131,15:27:14
3957958,80589,830214,15:15:31
3957958,80589,830216,15:16:55
3957958,80589,830218,15:19:46
3957958,80589,830245,15:08:05
3957958,80589,830246,15:08:39
3957958,80589,830248,15:09:11
3957958,80589,817308,15:18:37
3957958,80589,817085,15:23:24
3957958,80589,816024,15:33:32
3957958,80589,820017,15:09:36
3957959,80589,816119,07:43:00
3957959,80589,817128,07:25:45
3957959,80589,820080,07:06:45
3957959,80589,820081,07:07:58
3957959,80589,816111,07:36:15
3957959,80589,816112,07:37:04
3957959,80589,817307,07:18:23
3957959,80589,817031,07:29:47
3957959,80589,816019,07:30:40
3957959,80589,816020,07:31:18
3957959,80589,816022,07:32:06
3957959,80589,816025,07:33:46
3957959,80589,816027,07:34:51
3957959,80589,816028,07:35:23
3957959,80589,816029,07:35:46
3957959,80589,816128,07:38:22
3957959,80589,816129,07:38:54
3957959,80589,816130,07:39:22
3957959,80589,816131,07:39:57
3957959,80589,820249,07:11:07
3957959,80589,820250,07:11:32
3957959,80589,817086,07:24:09
3957959,80589,820251,07:12:01
3957959,80589,820252,07:12:30
3957959,80589,820253,07:12:47
3957959,80589,817058,07:13:20
3957959,80589,817129,07:26:21
3957959,80589,817015,07:25:00
3957959,80589,816038,07:41:00
3957959,80589,816078,07:41:59
3957959,80589,801007,07:22:49
3957959,80589,BB801273,07:05:00
3957959,80589,830092,07:28:47
3957959,80589,830094,07:21:31
3957959,80589,830116,07:15:00
3957959,80589,830127,07:20:51
3957959,80589,830131,07:27:06
3957959,80589,830214,07:16:23
3957959,80589,830216,07:17:39
3957959,80589,830218,07:20:15
3957959,80589,830245,07:09:05
3957959,80589,830246,07:09:39
3957959,80589,830248,07:10:11
3957959,80589,817308,07:19:12
3957959,80589,817085,07:23:34
3957959,80589,816024,07:33:02
3957959,80589,820017,07:10:36
3957960,80589,816119,16:44:00
3957960,80589,817128,16:25:48
3957960,80589,820080,16:05:45
3957960,80589,820081,16:06:58
3957960,80589,816111,16:36:56
3957960,80589,816112,16:37:48
3957960,80589,817307,16:17:43
3957960,80589,817031,16:30:04
3957960,80589,816019,16:31:00
3957960,80589,816020,16:31:40
3957960,80589,816022,16:32:32
3957960,80589,816025,16:34:19
3957960,80589,816027,16:35:28
3957960,80589,816028,16:36:02
3957960,80589,816029,16:36:26
3957960,80589,816128,16:39:11
3957960,80589,816129,16:39:45
3957960,80589,816130,16:40:15
3957960,80589,816131,16:40:52
3957960,80589,820249,16:10:07
3957960,80589,820250,16:10:32
3957960,80589,817086,16:24:02
3957960,80589,820251,16:11:01
3957960,80589,820252,16:11:30
3957960,80589,820253,16:11:47
3957960,80589,817058,16:12:20
3957960,80589,817129,16:26:26
3957960,80589,817015,16:25:00
3957960,80589,816038,16:42:00
3957960,80589,816078,16:42:59
3957960,80589,801007,16:22:35
3957960,80589,BB801273,16:04:00
3957960,80589,830092,16:29:01
3957960,80589,830094,16:21:09
3957960,80589,830116,16:14:00
3957960,80589,830127,16:20:25
3957960,80589,830131,16:27:14
3957960,80589,830214,16:15:31
3957960,80589,830216,16:16:55
3957960,80589,830218,16:19:46
3957960,80589,830245,16:08:05
3957960,80589,830246,16:08:39
3957960,80589,830248,16:09:11
3957960,80589,817308,16:18:37
3957960,80589,817085,16:23:24
3957960,80589,816024,16:33:32
3957960,80589,820017,16:09:36
3957961,80589,816119,08:43:00
3957961,80589,817128,08:25:45
3957961,80589,820080,08:06:45
3957961,80589,820081,08:07:58
3957961,80589,816111,08:36:15
3957961,80589,816112,08:37:04
3957961,80589,817307,08:18:23
3957961,80589,817031,08:29:47
3957961,80589,816019,08:30:40
3957961,80589,816020,08:31:18
3957961,80589,816022,08:32:06
3957961,80589,816025,08:33:46
3957961,80589,816027,08:34:51
3957961,80589,816028,08:35:23
3957961,80589,816029,08:35:46
3957961,80589,816128,08:38:22
3957961,80589,816129,08:38:54
3957961,80589,816130,08:39:22
3957961,80589,816131,08:39:57
3957961,80589,820249,08:11:07
3957961,80589,820250,08:11:32
3957961,80589,817086,08:24:09
3957961,80589,820251,08:12:01
3957961,80589,820252,08:12:30
3957961,80589,820253,08:12:47
3957961,80589,817058,08:13:20
3957961,80589,817129,08:26:21
3957961,80589,817015,08:25:00
3957961,80589,816038,08:41:00
3957961,80589,816078,08:41:59
3957961,80589,801007,08:22:49
3957961,80589,BB801273,08:05:00
3957961,80589,830092,08:28:47
3957961,80589,830094,08:21:31
3957961,80589,830116,08:15:00
3957961,80589,830127,08:20:51
3957961,80589,830131,08:27:06
3957961,80589,830214,08:16:23
3957961,80589,830216,08:17:39
3957961,80589,830218,08:20:15
3957961,80589,830245,08:09:05
3957961,80589,830246,08:09:39
3957961,80589,830248,08:10:11
3957961,80589,817308,08:19:12
3957961,80589,817085,08:23:34
3957961,80589,816024,08:33:02
3957961,80589,820017,08:10:36
3957962,80589,816119,14:43:00
3957962,80589,817128,14:25:45
3957962,80589,820080,14:06:45
3957962,80589,820081,14:07:58
3957962,80589,816111,14:36:15
3957962,80589,816112,14:37:04
3957962,80589,817307,14:18:23
3957962,80589,817031,14:29:47
3957962,80589,816019,14:30:40
3957962,80589,816020,14:31:18
3957962,80589,816022,14:32:06
3957962,80589,816025,14:33:46
3957962,80589,816027,14:34:51
3957962,80589,816028,14:35:23
3957962,80589,816029,14:35:46
3957962,80589,816128,14:38:22
3957962,80589,816129,14:38:54
3957962,80589,816130,14:39:22
3957962,80589,816131,14:39:57
3957962,80589,820249,14:11:07
3957962,80589,820250,14:11:32
3957962,80589,817086,14:24:09
3957962,80589,820251,14:12:01
3957962,80589,820252,14:12:30
3957962,80589,820253,14:12:47
3957962,80589,817058,14:13:20
3957962,80589,817129,14:26:21
3957962,80589,817015,14:25:00
3957962,80589,816038,14:41:00
3957962,80589,816078,14:41:59
3957962,80589,801007,14:22:49
3957962,80589,BB801273,14:05:00
3957962,80589,830092,14:28:47
3957962,80589,830094,14:21:31
3957962,80589,830116,14:15:00
3957962,80589,830127,14:20:51
3957962,80589,830131,14:27:06
3957962,80589,830214,14:16:23
3957962,80589,830216,14:17:39
3957962,80589,830218,14:20:15
3957962,80589,830245,14:09:05
3957962,80589,830246,14:09:39
3957962,80589,830248,14:10:11
3957962,80589,817308,14:19:12
3957962,80589,817085,14:23:34
3957962,80589,816024,14:33:02
3957962,80589,820017,14:10:36
3957963,80589,816119,12:43:00
3957963,80589,817128,12:25:45
3957963,80589,820080,12:06:45
3957963,80589,820081,12:07:58
3957963,80589,816111,12:36:15
3957963,80589,816112,12:37:04
3957963,80589,817307,12:18:23
3957963,80589,817031,12:29:47
3957963,80589,816019,12:30:40
3957963,80589,816020,12:31:18
3957963,80589,816022,12:32:06
3957963,80589,816025,12:33:46
3957963,80589,816027,12:34:51
3957963,80589,816028,12:35:23
3957963,80589,816029,12:35:46
3957963,80589,816128,12:38:22
3957963,80589,816129,12:38:54
3957963,80589,816130,12:39:22
3957963,80589,816131,12:39:57
3957963,80589,820249,12:11:07
3957963,80589,820250,12:11:32
3957963,80589,817086,12:24:09
3957963,80589,820251,12:12:01
3957963,80589,820252,12:12:30
3957963,80589,820253,12:12:47
3957963,80589,817058,12:13:20
3957963,80589,817129,12:26:21
3957963,80589,817015,12:25:00
3957963,80589,816038,12:41:00
3957963,80589,816078,12:41:59
3957963,80589,801007,12:22:49
3957963,80589,BB801273,12:05:00
3957963,80589,830092,12:28:47
3957963,80589,830094,12:21:31
3957963,80589,830116,12:15:00
3957963,80589,830127,12:20:51
3957963,80589,830131,12:27:06
3957963,80589,830214,12:16:23
3957963,80589,830216,12:17:39
3957963,80589,830218,12:20:15
3957963,80589,830245,12:09:05
3957963,80589,830246,12:09:39
3957963,80589,830248,12:10:11
3957963,80589,817308,12:19:12
3957963,80589,817085,12:23:34
3957963,80589,816024,12:33:02
3957963,80589,820017,12:10:36
3957964,80589,816119,18:44:00
3957964,80589,817128,18:25:48
3957964,80589,820080,18:05:45
3957964,80589,820081,18:06:58
3957964,80589,816111,18:36:56
3957964,80589,816112,18:37:48
3957964,80589,817307,18:17:43
3957964,80589,817031,18:30:04
3957964,80589,816019,18:31:00
3957964,80589,816020,18:31:40
3957964,80589,816022,18:32:32
3957964,80589,816025,18:34:19
3957964,80589,816027,18:35:28
3957964,80589,816028,18:36:02
3957964,80589,816029,18:36:26
3957964,80589,816128,18:39:11
3957964,80589,816129,18:39:45
3957964,80589,816130,18:40:15
3957964,80589,816131,18:40:52
3957964,80589,820249,18:10:07
3957964,80589,820250,18:10:32
3957964,80589,817086,18:24:02
3957964,80589,820251,18:11:01
3957964,80589,820252,18:11:30
3957964,80589,820253,18:11:47
3957964,80589,817058,18:12:20
3957964,80589,817129,18:26:26
3957964,80589,817015,18:25:00
3957964,80589,816038,18:42:00
3957964,80589,816078,18:42:59
3957964,80589,801007,18:22:35
3957964,80589,BB801273,18:04:00
3957964,80589,830092,18:29:01
3957964,80589,830094,18:21:09
3957964,80589,830116,18:14:00
3957964,80589,830127,18:20:25
3957964,80589,830131,18:27:14
3957964,80589,830214,18:15:31
3957964,80589,830216,18:16:55
3957964,80589,830218,18:19:46
3957964,80589,830245,18:08:05
3957964,80589,830246,18:08:39
3957964,80589,830248,18:09:11
3957964,80589,817308,18:18:37
3957964,80589,817085,18:23:24
3957964,80589,816024,18:33:32
3957964,80589,820017,18:09:36
3957965,80589,816119,10:43:00
3957965,80589,817128,10:25:45
3957965,80589,820080,10:06:45
3957965,80589,820081,10:07:58
3957965,80589,816111,10:36:15
3957965,80589,816112,10:37:04
3957965,80589,817307,10:18:23
3957965,80589,817031,10:29:47
3957965,80589,816019,10:30:40
3957965,80589,816020,10:31:18
3957965,80589,816022,10:32:06
3957965,80589,816025,10:33:46
3957965,80589,816027,10:34:51
3957965,80589,816028,10:35:23
3957965,80589,816029,10:35:46
3957965,80589,816128,10:38:22
3957965,80589,816129,10:38:54
3957965,80589,816130,10:39:22
3957965,80589,816131,10:39:57
3957965,80589,820249,10:11:07
3957965,80589,820250,10:11:32
3957965,80589,817086,10:24:09
3957965,80589,820251,10:12:01
3957965,80589,820252,10:12:30
3957965,80589,820253,10:12:47
3957965,80589,817058,10:13:20
3957965,80589,817129,10:26:21
3957965,80589,817015,10:25:00
3957965,80589,816038,10:41:00
3957965,80589,816078,10:41:59
3957965,80589,801007,10:22:49
3957965,80589,BB801273,10:05:00
3957965,80589,830092,10:28:47
3957965,80589,830094,10:21:31
3957965,80589,830116,10:15:00
3957965,80589,830127,10:20:51
3957965,80589,830131,10:27:06
3957965,80589,830214,10:16:23
3957965,80589,830216,10:17:39
3957965,80589,830218,10:20:15
3957965,80589,830245,10:09:05
3957965,80589,830246,10:09:39
3957965,80589,830248,10:10:11
3957965,80589,817308,10:19:12
3957965,80589,817085,10:23:34
3957965,80589,816024,10:33:02
3957965,80589,820017,10:10:36
