trip_id,route_id,stop_code,time
3699776,76876,623054,8:25:30
3699776,76876,630034,7:54:36
3699776,76876,629169,8:00:21
3699776,76876,629170,8:00:52
3699776,76876,629196,8:01:40
3699776,76876,629197,8:01:58
3699776,76876,623240,8:11:59
3699776,76876,623267,8:18:00
3699776,76876,623242,8:12:53
3699776,76876,629161,8:02:38
3699776,76876,623223,8:07:00
3699776,76876,623337,8:10:18
3699776,76876,630036,7:58:52
3699776,76876,107049,7:14:14
3699776,76876,109097,6:59:09
3699776,76876,112105,6:54:00
3699776,76876,112107,6:54:51
3699776,76876,112108,6:55:30
3699776,76876,112086,6:56:29
3699776,76876,109220,6:57:08
3699776,76876,109211,6:57:49
3699776,76876,109213,6:58:27
3699776,76876,109214,6:58:46
3699776,76876,109028,7:01:03
3699776,76876,109029,7:01:40
3699776,76876,109030,7:02:05
3699776,76876,109032,7:02:39
3699776,76876,109034,7:03:10
3699776,76876,109036,7:03:51
3699776,76876,109037,7:04:09
3699776,76876,109038,7:04:30
3699776,76876,109041,7:05:08
3699776,76876,107057,7:16:58
3699776,76876,107058,7:17:17
3699776,76876,107059,7:17:33
3699776,76876,107060,7:17:49
3699776,76876,107061,7:18:04
3699776,76876,107062,7:18:15
3699776,76876,105006,7:19:25
3699776,76876,105008,7:19:52
3699776,76876,105010,7:20:23
3699776,76876,105011,7:20:53
3699776,76876,104022,7:22:09
3699776,76876,104023,7:22:40
3699776,76876,109043,7:05:27
3699776,76876,109045,7:06:29
3699776,76876,109046,7:06:57
3699776,76876,109047,7:07:12
3699776,76876,109048,7:07:31
3699776,76876,109049,7:08:07
3699776,76876,109050,7:08:32
3699776,76876,107028,7:09:08
3699776,76876,107029,7:09:25
3699776,76876,107030,7:10:00
3699776,76876,107031,7:10:30
3699776,76876,107032,7:10:44
3699776,76876,107040,7:11:07
3699776,76876,107089,7:11:22
3699776,76876,107043,7:11:54
3699776,76876,107044,7:12:10
3699776,76876,107045,7:12:26
3699776,76876,107046,7:12:54
3699776,76876,107048,7:13:39
3699776,76876,107050,7:14:34
3699776,76876,107051,7:14:58
3699776,76876,107052,7:15:13
3699776,76876,107054,7:16:06
3699776,76876,107055,7:16:22
3699776,76876,107056,7:16:38
3699776,76876,109099,7:00:00
3699776,76876,109100,7:00:36
3699776,76876,109098,6:59:36
3699776,76876,102051,7:35:30
3699776,76876,102068,7:36:33
3699776,76876,102052,7:36:59
3699776,76876,102053,7:37:40
3699776,76876,102055,7:39:24
3699776,76876,102054,7:40:04
3699776,76876,630035,7:57:40
3699776,76876,635014,7:51:00
3699776,76876,623035,8:24:00
3699776,76876,102025,7:30:02
3699776,76876,105014,7:24:54
3699776,76876,105015,7:25:20
3699776,76876,623392,8:21:24
3699776,76876,623394,8:22:04
3699776,76876,105018,7:24:07
3699776,76876,623408,8:13:58
3699776,76876,623409,8:14:46
3699776,76876,623410,8:15:43
3699776,76876,623411,8:16:36
3699776,76876,104006,7:23:36
3699776,76876,623415,8:15:14
3699776,76876,624024,8:09:00
3699776,76876,107093,7:15:48
3699776,76876,623423,8:28:00
3699776,76876,301012,7:19:00
3699776,76876,301017,7:33:00
3699776,76876,601077,8:19:38
3699776,76876,601078,8:20:29
3699776,76876,601105,8:03:51
3699776,76876,601104,8:05:24
3699776,76876,301319,7:01:20
3699776,76876,301331,7:34:18
3699776,76876,301334,7:27:32
3699776,76876,301335,7:29:20
3699776,76876,301376,7:05:50
3699776,76876,301429,7:42:00
3699776,76876,301433,6:58:05
3699776,76876,636157,8:18:44
3699776,76876,636161,8:26:00
3699776,76876,301482,7:21:30
3699776,76876,636221,8:17:11
3699776,76876,104024,7:23:00
3699776,76876,629162,8:03:00
3699776,76876,623238,8:11:00
3699802,76876,629198,13:36:43
3699802,76876,623212,13:25:32
3699802,76876,623214,13:26:38
3699802,76876,623231,13:28:00
3699802,76876,623296,13:32:00
3699802,76876,623297,13:32:27
3699802,76876,629151,13:35:33
3699802,76876,630033,13:43:53
3699802,76876,629168,13:37:27
3699802,76876,104003,14:06:04
3699802,76876,104067,14:07:01
3699802,76876,104014,14:13:20
3699802,76876,104015,14:13:44
3699802,76876,107010,14:28:04
3699802,76876,107011,14:28:28
3699802,76876,107012,14:28:43
3699802,76876,107013,14:29:02
3699802,76876,107014,14:29:56
3699802,76876,107016,14:30:35
3699802,76876,107017,14:30:58
3699802,76876,107018,14:31:11
3699802,76876,107021,14:31:59
3699802,76876,107023,14:32:35
3699802,76876,107024,14:32:49
3699802,76876,104016,14:14:12
3699802,76876,107003,14:25:46
3699802,76876,107004,14:26:13
3699802,76876,107005,14:26:31
3699802,76876,107006,14:26:43
3699802,76876,107007,14:27:00
3699802,76876,107008,14:27:23
3699802,76876,106007,14:22:00
3699802,76876,106008,14:22:39
3699802,76876,106004,14:23:45
3699802,76876,107066,14:24:39
3699802,76876,102036,13:56:55
3699802,76876,102037,13:57:20
3699802,76876,102038,13:58:46
3699802,76876,102039,13:59:17
3699802,76876,102040,13:59:47
3699802,76876,102041,14:00:42
3699802,76876,635014,13:47:00
3699802,76876,623087,13:14:00
3699802,76876,629068,13:33:14
3699802,76876,623386,13:12:09
3699802,76876,105012,14:12:18
3699802,76876,105017,14:11:35
3699802,76876,623387,13:15:09
3699802,76876,623388,13:15:42
3699802,76876,630006,13:39:45
3699802,76876,623402,13:20:00
3699802,76876,623403,13:21:01
3699802,76876,623404,13:22:09
3699802,76876,623405,13:23:15
3699802,76876,623406,13:24:03
3699802,76876,104007,14:13:00
3699802,76876,623414,13:22:45
3699802,76876,623418,13:24:48
3699802,76876,623422,13:18:47
3699802,76876,301013,14:25:00
3699802,76876,301017,14:03:00
3699802,76876,601080,13:18:18
3699802,76876,601079,13:17:43
3699802,76876,BB301056,14:18:00
3699802,76876,301318,14:27:36
3699802,76876,301332,14:01:50
3699802,76876,301336,14:08:46
3699802,76876,601199,13:17:10
3699802,76876,601206,13:11:02
3699802,76876,301363,13:56:24
3699802,76876,630032,13:40:36
3699802,76876,301371,14:11:07
3699802,76876,636115,13:19:19
3699802,76876,636121,13:30:00
3699802,76876,301429,13:54:00
3699802,76876,636187,13:41:15
3699802,76876,301464,14:20:08
3699802,76876,301476,14:21:27
3699802,76876,301505,14:15:20
3699802,76876,107026,14:34:00
3699802,76876,629172,13:36:04
3699802,76876,629149,13:35:00
3699802,76876,623202,13:10:00
3700504,76886,623223,8:52:00
3700504,76886,630036,8:45:00
3700504,76886,623292,9:03:00
3700504,76886,635014,8:39:00
3700504,76886,623035,9:07:00
3700504,76886,624024,8:54:00
3700504,76886,301017,8:20:00
3700504,76886,BB301057,8:10:00
3700504,76886,636084,8:59:45
3700504,76886,301429,8:30:00
3700504,76886,629162,8:49:00
3700505,76886,623223,7:47:00
3700505,76886,630036,7:40:00
3700505,76886,623292,7:58:00
3700505,76886,635014,7:34:00
3700505,76886,623035,8:02:00
3700505,76886,624024,7:49:00
3700505,76886,301017,7:15:00
3700505,76886,BB301057,7:05:00
3700505,76886,636084,7:54:45
3700505,76886,301429,7:25:00
3700505,76886,629162,7:44:00
3704103,76913,623296,7:13:00
3704103,76913,623123,7:00:00
3704103,76913,636121,7:11:00
3704104,76913,623296,7:43:00
3704104,76913,623123,7:30:00
3704104,76913,636121,7:41:00
3704105,76913,623296,8:13:00
3704105,76913,623123,8:00:00
3704105,76913,636121,8:11:00
3704106,76913,623296,8:43:00
3704106,76913,623123,8:30:00
3704106,76913,636121,8:41:00
3704107,76913,623296,9:13:00
3704107,76913,623123,9:00:00
3704107,76913,636121,9:11:00
3704108,76913,623296,9:43:00
3704108,76913,623123,9:30:00
3704108,76913,636121,9:41:00
3704109,76913,623296,10:13:00
3704109,76913,623123,10:00:00
3704109,76913,601170,10:15:00
3704109,76913,636121,10:11:00
3704110,76913,623296,10:44:00
3704110,76913,623123,10:31:00
3704110,76913,601170,10:46:00
3704110,76913,636121,10:42:00
3704111,76913,623296,11:44:00
3704111,76913,623123,11:31:00
3704111,76913,601170,11:46:00
3704111,76913,636121,11:42:00
3704112,76913,623296,14:44:00
3704112,76913,623123,14:31:00
3704112,76913,601170,14:46:00
3704112,76913,636121,14:42:00
3704113,76913,623296,15:18:00
3704113,76913,623123,15:05:00
3704113,76913,601170,15:20:00
3704113,76913,636121,15:16:00
3704114,76913,623296,13:44:00
3704114,76913,623123,13:31:00
3704114,76913,601170,13:46:00
3704114,76913,636121,13:42:00
3704115,76913,623296,12:44:00
3704115,76913,623123,12:31:00
3704115,76913,601170,12:46:00
3704115,76913,636121,12:42:00
3704116,76913,623223,11:17:00
3704116,76913,623123,11:30:00
3704116,76913,624024,11:19:00
3704116,76913,601170,11:16:00
3704117,76913,623223,12:17:00
3704117,76913,623123,12:30:00
3704117,76913,624024,12:19:00
3704117,76913,601170,12:16:00
3704118,76913,623223,13:17:00
3704118,76913,623123,13:30:00
3704118,76913,624024,13:19:00
3704118,76913,601170,13:16:00
3704119,76913,623223,14:17:00
3704119,76913,623123,14:30:00
3704119,76913,624024,14:19:00
3704119,76913,601170,14:16:00
3704120,76913,623223,14:47:00
3704120,76913,623123,15:00:00
3704120,76913,624024,14:49:00
3704120,76913,601170,14:46:00
3704121,76913,623223,15:42:00
3704121,76913,623123,15:55:00
3704121,76913,624024,15:44:00
3704121,76913,601170,15:41:00
3704122,76913,623223,10:17:00
3704122,76913,623123,10:30:00
3704122,76913,624024,10:19:00
3704122,76913,601170,10:16:00
3754353,76912,616151,9:42:54
3754353,76912,616097,9:43:53
3754353,76912,616098,9:44:25
3754353,76912,623240,9:29:59
3754353,76912,623242,9:30:53
3754353,76912,616032,9:47:36
3754353,76912,623223,9:25:00
3754353,76912,623337,9:28:18
3754353,76912,616027,9:43:28
3754353,76912,623353,9:40:59
3754353,76912,623354,9:41:25
3754353,76912,623358,9:34:10
3754353,76912,623359,9:34:32
3754353,76912,623360,9:35:03
3754353,76912,623361,9:36:22
3754353,76912,623363,9:37:23
3754353,76912,623364,9:37:37
3754353,76912,623365,9:38:12
3754353,76912,623366,9:38:32
3754353,76912,623367,9:39:03
3754353,76912,623385,9:35:47
3754353,76912,616125,9:45:07
3754353,76912,616126,9:45:34
3754353,76912,616127,9:46:02
3754353,76912,616129,9:46:31
3754353,76912,623398,9:40:12
3754353,76912,623408,9:32:00
3754353,76912,623409,9:33:00
3754353,76912,623415,9:33:35
3754353,76912,623420,9:42:00
3754353,76912,624024,9:27:00
3754353,76912,601105,9:21:40
3754353,76912,601104,9:23:19
3754353,76912,636103,9:37:00
3754353,76912,636130,9:52:55
3754353,76912,636154,9:18:00
3754353,76912,636169,9:56:00
3754353,76912,636173,9:54:47
3754353,76912,629159,9:16:00
3754353,76912,629162,9:20:46
3754353,76912,623238,9:29:00
3754353,76912,616095,9:43:16
3754353,76912,616031,9:47:00
3754353,76912,616034,9:49:00
3754354,76912,616151,8:07:54
3754354,76912,616097,8:08:53
3754354,76912,616098,8:09:25
3754354,76912,623240,7:54:59
3754354,76912,623242,7:55:53
3754354,76912,616032,8:12:36
3754354,76912,623223,7:50:00
3754354,76912,623337,7:53:18
3754354,76912,616027,8:08:28
3754354,76912,623353,8:05:59
3754354,76912,623354,8:06:25
3754354,76912,623358,7:59:10
3754354,76912,623359,7:59:32
3754354,76912,623360,8:00:03
3754354,76912,623361,8:01:22
3754354,76912,623363,8:02:23
3754354,76912,623364,8:02:37
3754354,76912,623365,8:03:12
3754354,76912,623366,8:03:32
3754354,76912,623367,8:04:03
3754354,76912,623385,8:00:47
3754354,76912,616125,8:10:07
3754354,76912,616126,8:10:34
3754354,76912,616127,8:11:02
3754354,76912,616129,8:11:31
3754354,76912,623398,8:05:12
3754354,76912,623408,7:57:00
3754354,76912,623409,7:58:00
3754354,76912,623415,7:58:35
3754354,76912,623420,8:07:00
3754354,76912,624024,7:52:00
3754354,76912,601105,7:46:40
3754354,76912,601104,7:48:19
3754354,76912,636103,8:02:00
3754354,76912,636130,8:17:55
3754354,76912,636154,7:43:00
3754354,76912,636169,8:21:00
3754354,76912,636173,8:19:47
3754354,76912,629159,7:41:00
3754354,76912,629162,7:45:46
3754354,76912,623238,7:54:00
3754354,76912,616095,8:08:16
3754354,76912,616031,8:12:00
3754354,76912,616034,8:14:00
3754364,76912,616151,9:12:54
3754364,76912,616097,9:13:53
3754364,76912,616098,9:14:25
3754364,76912,623240,8:59:59
3754364,76912,623242,9:00:53
3754364,76912,616032,9:17:36
3754364,76912,623223,8:55:00
3754364,76912,623337,8:58:18
3754364,76912,616027,9:13:28
3754364,76912,623353,9:10:59
3754364,76912,623354,9:11:25
3754364,76912,623358,9:04:10
3754364,76912,623359,9:04:32
3754364,76912,623360,9:05:03
3754364,76912,623361,9:06:22
3754364,76912,623363,9:07:23
3754364,76912,623364,9:07:37
3754364,76912,623365,9:08:12
3754364,76912,623366,9:08:32
3754364,76912,623367,9:09:03
3754364,76912,623385,9:05:47
3754364,76912,616125,9:15:07
3754364,76912,616126,9:15:34
3754364,76912,616127,9:16:02
3754364,76912,616129,9:16:31
3754364,76912,623398,9:10:12
3754364,76912,623408,9:02:00
3754364,76912,623409,9:03:00
3754364,76912,623415,9:03:35
3754364,76912,623420,9:12:00
3754364,76912,624024,8:57:00
3754364,76912,601105,8:51:40
3754364,76912,601104,8:53:19
3754364,76912,636103,9:07:00
3754364,76912,636130,9:22:55
3754364,76912,636154,8:48:00
3754364,76912,636169,9:26:00
3754364,76912,636173,9:24:47
3754364,76912,629159,8:46:00
3754364,76912,629162,8:50:46
3754364,76912,623238,8:59:00
3754364,76912,616095,9:13:16
3754364,76912,616031,9:17:00
3754364,76912,616034,9:19:00
3754365,76912,616151,7:36:54
3754365,76912,616097,7:37:53
3754365,76912,616098,7:38:25
3754365,76912,623240,7:23:59
3754365,76912,623242,7:24:53
3754365,76912,616032,7:41:36
3754365,76912,623223,7:20:00
3754365,76912,623337,7:22:18
3754365,76912,616027,7:37:28
3754365,76912,623353,7:34:59
3754365,76912,623354,7:35:25
3754365,76912,623358,7:28:10
3754365,76912,623359,7:28:32
3754365,76912,623360,7:29:03
3754365,76912,623361,7:30:22
3754365,76912,623363,7:31:23
3754365,76912,623364,7:31:37
3754365,76912,623365,7:32:12
3754365,76912,623366,7:32:32
3754365,76912,623367,7:33:03
3754365,76912,623385,7:29:47
3754365,76912,616125,7:39:07
3754365,76912,616126,7:39:34
3754365,76912,616127,7:40:02
3754365,76912,616129,7:40:31
3754365,76912,623398,7:34:12
3754365,76912,623408,7:26:00
3754365,76912,623409,7:27:00
3754365,76912,623415,7:27:35
3754365,76912,623420,7:36:00
3754365,76912,624024,7:21:00
3754365,76912,601105,7:16:40
3754365,76912,601104,7:18:19
3754365,76912,636103,7:31:00
3754365,76912,636130,7:46:55
3754365,76912,636154,7:13:00
3754365,76912,636169,7:50:00
3754365,76912,636173,7:48:47
3754365,76912,629159,7:11:00
3754365,76912,629162,7:15:46
3754365,76912,623238,7:23:00
3754365,76912,616095,7:37:16
3754365,76912,616031,7:41:00
3754365,76912,616034,7:43:00
3754373,76912,616151,10:30:54
3754373,76912,616097,10:31:53
3754373,76912,616098,10:32:25
3754373,76912,623240,10:17:59
3754373,76912,623242,10:18:53
3754373,76912,616032,10:35:36
3754373,76912,623223,10:13:00
3754373,76912,623337,10:16:18
3754373,76912,616027,10:31:28
3754373,76912,623353,10:28:59
3754373,76912,623354,10:29:25
3754373,76912,623358,10:22:10
3754373,76912,623359,10:22:32
3754373,76912,623360,10:23:03
3754373,76912,623361,10:24:22
3754373,76912,623363,10:25:23
3754373,76912,623364,10:25:37
3754373,76912,623365,10:26:12
3754373,76912,623366,10:26:32
3754373,76912,623367,10:27:03
3754373,76912,623385,10:23:47
3754373,76912,616125,10:33:07
3754373,76912,616126,10:33:34
3754373,76912,616127,10:34:02
3754373,76912,616129,10:34:31
3754373,76912,623398,10:28:12
3754373,76912,623408,10:20:00
3754373,76912,623409,10:21:00
3754373,76912,623415,10:21:35
3754373,76912,623420,10:30:00
3754373,76912,624024,10:15:00
3754373,76912,601105,10:09:40
3754373,76912,601104,10:11:19
3754373,76912,636103,10:25:00
3754373,76912,636130,10:40:55
3754373,76912,636154,10:06:00
3754373,76912,636169,10:44:00
3754373,76912,636173,10:42:47
3754373,76912,629159,10:04:00
3754373,76912,629162,10:08:46
3754373,76912,623238,10:17:00
3754373,76912,616095,10:31:16
3754373,76912,616031,10:35:00
3754373,76912,616034,10:37:00
3754374,76912,616151,8:42:54
3754374,76912,616097,8:43:53
3754374,76912,616098,8:44:25
3754374,76912,623240,8:29:59
3754374,76912,623242,8:30:53
3754374,76912,616032,8:47:36
3754374,76912,623223,8:25:00
3754374,76912,623337,8:28:18
3754374,76912,616027,8:43:28
3754374,76912,623353,8:40:59
3754374,76912,623354,8:41:25
3754374,76912,623358,8:34:10
3754374,76912,623359,8:34:32
3754374,76912,623360,8:35:03
3754374,76912,623361,8:36:22
3754374,76912,623363,8:37:23
3754374,76912,623364,8:37:37
3754374,76912,623365,8:38:12
3754374,76912,623366,8:38:32
3754374,76912,623367,8:39:03
3754374,76912,623385,8:35:47
3754374,76912,616125,8:45:07
3754374,76912,616126,8:45:34
3754374,76912,616127,8:46:02
3754374,76912,616129,8:46:31
3754374,76912,623398,8:40:12
3754374,76912,623408,8:32:00
3754374,76912,623409,8:33:00
3754374,76912,623415,8:33:35
3754374,76912,623420,8:42:00
3754374,76912,624024,8:27:00
3754374,76912,601105,8:21:40
3754374,76912,601104,8:23:19
3754374,76912,636103,8:37:00
3754374,76912,636130,8:52:55
3754374,76912,636154,8:18:00
3754374,76912,636169,8:56:00
3754374,76912,636173,8:54:47
3754374,76912,629159,8:16:00
3754374,76912,629162,8:20:46
3754374,76912,623238,8:29:00
3754374,76912,616095,8:43:16
3754374,76912,616031,8:47:00
3754374,76912,616034,8:49:00
3754380,76912,616084,13:57:12
3754380,76912,616090,14:08:27
3754380,76912,616092,14:09:25
3754380,76912,616094,14:09:52
3754380,76912,616150,13:56:11
3754380,76912,616083,13:56:41
3754380,76912,616009,14:06:12
3754380,76912,616010,14:06:40
3754380,76912,623212,14:22:42
3754380,76912,623214,14:23:45
3754380,76912,623231,14:25:00
3754380,76912,623296,14:29:00
3754380,76912,623297,14:29:33
3754380,76912,629151,14:37:24
3754380,76912,616068,14:04:53
3754380,76912,616037,13:59:40
3754380,76912,623043,14:14:55
3754380,76912,616022,13:55:00
3754380,76912,629068,14:30:30
3754380,76912,629080,14:36:54
3754380,76912,629086,14:33:45
3754380,76912,623351,14:11:28
3754380,76912,623352,14:12:09
3754380,76912,623368,14:14:37
3754380,76912,623374,14:15:23
3754380,76912,623369,14:16:17
3754380,76912,623372,14:18:32
3754380,76912,623373,14:19:01
3754380,76912,623381,14:16:00
3754380,76912,623384,14:17:54
3754380,76912,616117,14:06:00
3754380,76912,616123,14:07:13
3754380,76912,616124,14:07:43
3754380,76912,623397,14:13:06
3754380,76912,623404,14:19:32
3754380,76912,623405,14:20:31
3754380,76912,623406,14:21:14
3754380,76912,623414,14:20:04
3754380,76912,623418,14:22:00
3754380,76912,623419,14:11:00
3754380,76912,629249,14:35:00
3754380,76912,601114,14:31:27
3754380,76912,601201,14:03:50
3754380,76912,636105,14:17:00
3754380,76912,636121,14:27:00
3754380,76912,636126,13:53:19
3754380,76912,636127,13:53:57
3754380,76912,636128,13:54:20
3754380,76912,636129,13:54:39
3754380,76912,636154,14:40:00
3754380,76912,636169,13:51:00
3754380,76912,636188,13:52:50
3754380,76912,636193,14:17:32
3754380,76912,629172,14:45:00
3754380,76912,629149,14:32:34
3754380,76912,616081,13:55:19
3754380,76912,616085,13:58:05
3754380,76912,616091,14:09:04
3754380,76912,616093,14:09:38
3754380,76912,616034,14:01:00
3754381,76912,616084,12:02:12
3754381,76912,616090,12:13:27
3754381,76912,616092,12:14:25
3754381,76912,616094,12:14:52
3754381,76912,616150,12:01:11
3754381,76912,616083,12:01:41
3754381,76912,616009,12:11:12
3754381,76912,616010,12:11:40
3754381,76912,623212,12:27:42
3754381,76912,623214,12:28:45
3754381,76912,623231,12:30:00
3754381,76912,623296,12:34:00
3754381,76912,623297,12:34:33
3754381,76912,629151,12:42:24
3754381,76912,616068,12:09:53
3754381,76912,616037,12:04:40
3754381,76912,623043,12:19:55
3754381,76912,616022,12:00:00
3754381,76912,629068,12:35:30
3754381,76912,629080,12:41:54
3754381,76912,629086,12:38:45
3754381,76912,623351,12:16:28
3754381,76912,623352,12:17:09
3754381,76912,623368,12:19:37
3754381,76912,623374,12:20:23
3754381,76912,623369,12:21:17
3754381,76912,623372,12:23:32
3754381,76912,623373,12:24:01
3754381,76912,623381,12:21:00
3754381,76912,623384,12:22:54
3754381,76912,616117,12:11:00
3754381,76912,616123,12:12:13
3754381,76912,616124,12:12:43
3754381,76912,623397,12:18:06
3754381,76912,623404,12:24:32
3754381,76912,623405,12:25:31
3754381,76912,623406,12:26:14
3754381,76912,623414,12:25:04
3754381,76912,623418,12:27:00
3754381,76912,623419,12:16:00
3754381,76912,629249,12:40:00
3754381,76912,601114,12:36:27
3754381,76912,601201,12:08:50
3754381,76912,636105,12:22:00
3754381,76912,636121,12:32:00
3754381,76912,636126,11:58:19
3754381,76912,636127,11:58:57
3754381,76912,636128,11:59:20
3754381,76912,636129,11:59:39
3754381,76912,636154,12:45:00
3754381,76912,636169,11:56:00
3754381,76912,636188,11:57:50
3754381,76912,636193,12:22:32
3754381,76912,629172,12:50:00
3754381,76912,629149,12:37:34
3754381,76912,616081,12:00:19
3754381,76912,616085,12:03:05
3754381,76912,616091,12:14:04
3754381,76912,616093,12:14:38
3754381,76912,616034,12:06:00
3754390,76912,616084,13:22:12
3754390,76912,616090,13:33:27
3754390,76912,616092,13:34:25
3754390,76912,616094,13:34:52
3754390,76912,616150,13:21:11
3754390,76912,616083,13:21:41
3754390,76912,616009,13:31:12
3754390,76912,616010,13:31:40
3754390,76912,623212,13:47:42
3754390,76912,623214,13:48:45
3754390,76912,623231,13:50:00
3754390,76912,623296,13:54:00
3754390,76912,623297,13:54:33
3754390,76912,629151,14:02:24
3754390,76912,616068,13:29:53
3754390,76912,616037,13:24:40
3754390,76912,623043,13:39:55
3754390,76912,616022,13:20:00
3754390,76912,629068,13:55:30
3754390,76912,629080,14:01:54
3754390,76912,629086,13:58:45
3754390,76912,623351,13:36:28
3754390,76912,623352,13:37:09
3754390,76912,623368,13:39:37
3754390,76912,623374,13:40:23
3754390,76912,623369,13:41:17
3754390,76912,623372,13:43:32
3754390,76912,623373,13:44:01
3754390,76912,623381,13:41:00
3754390,76912,623384,13:42:54
3754390,76912,616117,13:31:00
3754390,76912,616123,13:32:13
3754390,76912,616124,13:32:43
3754390,76912,623397,13:38:06
3754390,76912,623404,13:44:32
3754390,76912,623405,13:45:31
3754390,76912,623406,13:46:14
3754390,76912,623414,13:45:04
3754390,76912,623418,13:47:00
3754390,76912,623419,13:36:00
3754390,76912,629249,14:00:00
3754390,76912,601114,13:56:27
3754390,76912,601201,13:28:50
3754390,76912,636105,13:42:00
3754390,76912,636121,13:52:00
3754390,76912,636126,13:18:19
3754390,76912,636127,13:18:57
3754390,76912,636128,13:19:20
3754390,76912,636129,13:19:39
3754390,76912,636154,14:05:00
3754390,76912,636169,13:16:00
3754390,76912,636188,13:17:50
3754390,76912,636193,13:42:32
3754390,76912,629172,14:10:00
3754390,76912,629149,13:57:34
3754390,76912,616081,13:20:19
3754390,76912,616085,13:23:05
3754390,76912,616091,13:34:04
3754390,76912,616093,13:34:38
3754390,76912,616034,13:26:00
3754391,76912,616084,11:32:12
3754391,76912,616090,11:43:27
3754391,76912,616092,11:44:25
3754391,76912,616094,11:44:52
3754391,76912,616150,11:31:11
3754391,76912,616083,11:31:41
3754391,76912,616009,11:41:12
3754391,76912,616010,11:41:40
3754391,76912,623212,11:57:42
3754391,76912,623214,11:58:45
3754391,76912,623231,12:00:00
3754391,76912,623296,12:04:00
3754391,76912,623297,12:04:33
3754391,76912,629151,12:12:24
3754391,76912,616068,11:39:53
3754391,76912,616037,11:34:40
3754391,76912,623043,11:49:55
3754391,76912,616022,11:30:00
3754391,76912,629068,12:05:30
3754391,76912,629080,12:11:54
3754391,76912,629086,12:08:45
3754391,76912,623351,11:46:28
3754391,76912,623352,11:47:09
3754391,76912,623368,11:49:37
3754391,76912,623374,11:50:23
3754391,76912,623369,11:51:17
3754391,76912,623372,11:53:32
3754391,76912,623373,11:54:01
3754391,76912,623381,11:51:00
3754391,76912,623384,11:52:54
3754391,76912,616117,11:41:00
3754391,76912,616123,11:42:13
3754391,76912,616124,11:42:43
3754391,76912,623397,11:48:06
3754391,76912,623404,11:54:32
3754391,76912,623405,11:55:31
3754391,76912,623406,11:56:14
3754391,76912,623414,11:55:04
3754391,76912,623418,11:57:00
3754391,76912,623419,11:46:00
3754391,76912,629249,12:10:00
3754391,76912,601114,12:06:27
3754391,76912,601201,11:38:50
3754391,76912,636105,11:52:00
3754391,76912,636121,12:02:00
3754391,76912,636126,11:28:19
3754391,76912,636127,11:28:57
3754391,76912,636128,11:29:20
3754391,76912,636129,11:29:39
3754391,76912,636154,12:15:00
3754391,76912,636169,11:26:00
3754391,76912,636188,11:27:50
3754391,76912,636193,11:52:32
3754391,76912,629172,12:20:00
3754391,76912,629149,12:07:34
3754391,76912,616081,11:30:19
3754391,76912,616085,11:33:05
3754391,76912,616091,11:44:04
3754391,76912,616093,11:44:38
3754391,76912,616034,11:36:00
3754401,76912,616084,12:57:12
3754401,76912,616090,13:08:27
3754401,76912,616092,13:09:25
3754401,76912,616094,13:09:52
3754401,76912,616150,12:56:11
3754401,76912,616083,12:56:41
3754401,76912,616009,13:06:12
3754401,76912,616010,13:06:40
3754401,76912,623212,13:22:42
3754401,76912,623214,13:23:45
3754401,76912,623231,13:25:00
3754401,76912,623296,13:29:00
3754401,76912,623297,13:29:33
3754401,76912,629151,13:37:24
3754401,76912,616068,13:04:53
3754401,76912,616037,12:59:40
3754401,76912,623043,13:14:55
3754401,76912,616022,12:55:00
3754401,76912,629068,13:30:30
3754401,76912,629080,13:36:54
3754401,76912,629086,13:33:45
3754401,76912,623351,13:11:28
3754401,76912,623352,13:12:09
3754401,76912,623368,13:14:37
3754401,76912,623374,13:15:23
3754401,76912,623369,13:16:17
3754401,76912,623372,13:18:32
3754401,76912,623373,13:19:01
3754401,76912,623381,13:16:00
3754401,76912,623384,13:17:54
3754401,76912,616117,13:06:00
3754401,76912,616123,13:07:13
3754401,76912,616124,13:07:43
3754401,76912,623397,13:13:06
3754401,76912,623404,13:19:32
3754401,76912,623405,13:20:31
3754401,76912,623406,13:21:14
3754401,76912,623414,13:20:04
3754401,76912,623418,13:22:00
3754401,76912,623419,13:11:00
3754401,76912,629249,13:35:00
3754401,76912,601114,13:31:27
3754401,76912,601201,13:03:50
3754401,76912,636105,13:17:00
3754401,76912,636121,13:27:00
3754401,76912,636126,12:53:19
3754401,76912,636127,12:53:57
3754401,76912,636128,12:54:20
3754401,76912,636129,12:54:39
3754401,76912,636154,13:40:00
3754401,76912,636169,12:51:00
3754401,76912,636188,12:52:50
3754401,76912,636193,13:17:32
3754401,76912,629172,13:45:00
3754401,76912,629149,13:32:34
3754401,76912,616081,12:55:19
3754401,76912,616085,12:58:05
3754401,76912,616091,13:09:04
3754401,76912,616093,13:09:38
3754401,76912,616034,13:01:00
3754402,76912,616084,10:57:12
3754402,76912,616090,11:08:27
3754402,76912,616092,11:09:25
3754402,76912,616094,11:09:52
3754402,76912,616150,10:56:11
3754402,76912,616083,10:56:41
3754402,76912,616009,11:06:12
3754402,76912,616010,11:06:40
3754402,76912,623212,11:22:42
3754402,76912,623214,11:23:45
3754402,76912,623231,11:25:00
3754402,76912,623296,11:29:00
3754402,76912,623297,11:29:33
3754402,76912,629151,11:37:24
3754402,76912,616068,11:04:53
3754402,76912,616037,10:59:40
3754402,76912,623043,11:14:55
3754402,76912,616022,10:55:00
3754402,76912,629068,11:30:30
3754402,76912,629080,11:36:54
3754402,76912,629086,11:33:45
3754402,76912,623351,11:11:28
3754402,76912,623352,11:12:09
3754402,76912,623368,11:14:37
3754402,76912,623374,11:15:23
3754402,76912,623369,11:16:17
3754402,76912,623372,11:18:32
3754402,76912,623373,11:19:01
3754402,76912,623381,11:16:00
3754402,76912,623384,11:17:54
3754402,76912,616117,11:06:00
3754402,76912,616123,11:07:13
3754402,76912,616124,11:07:43
3754402,76912,623397,11:13:06
3754402,76912,623404,11:19:32
3754402,76912,623405,11:20:31
3754402,76912,623406,11:21:14
3754402,76912,623414,11:20:04
3754402,76912,623418,11:22:00
3754402,76912,623419,11:11:00
3754402,76912,629249,11:35:00
3754402,76912,601114,11:31:27
3754402,76912,601201,11:03:50
3754402,76912,636105,11:17:00
3754402,76912,636121,11:27:00
3754402,76912,636126,10:53:19
3754402,76912,636127,10:53:57
3754402,76912,636128,10:54:20
3754402,76912,636129,10:54:39
3754402,76912,636154,11:40:00
3754402,76912,636169,10:51:00
3754402,76912,636188,10:52:50
3754402,76912,636193,11:17:32
3754402,76912,629172,11:45:00
3754402,76912,629149,11:32:34
3754402,76912,616081,10:55:19
3754402,76912,616085,10:58:05
3754402,76912,616091,11:09:04
3754402,76912,616093,11:09:38
3754402,76912,616034,11:01:00
